service_date,day_type,bus,rail_boardings,total_rides
01/01/2013,U,338644,276167,614811
01/02/2013,W,747631,570506,1318137
01/03/2013,W,857744,620104,1477848
01/04/2013,W,875485,635401,1510886
01/05/2013,A,549303,356383,905686
01/06/2013,U,399770,264957,664727
01/07/2013,W,951511,672001,1623512
01/08/2013,W,975824,687261,1663085
01/09/2013,W,989291,697979,1687270
01/10/2013,W,964506,693642,1658148
01/11/2013,W,991875,708901,1700776
01/12/2013,A,597811,403037,1000848
01/13/2013,U,379108,266395,645503
01/14/2013,W,964972,701958,1666930
01/15/2013,W,1000831,723460,1724291
01/16/2013,W,1000782,726032,1726814
01/17/2013,W,1003351,730830,1734181
01/18/2013,W,995226,721526,1716752
01/19/2013,A,592561,417820,1010381
01/20/2013,U,372131,275860,647991
01/21/2013,W,549385,422125,971510
01/22/2013,W,865232,654679,1519911
01/23/2013,W,952105,697385,1649490
01/24/2013,W,958057,708729,1666786
01/25/2013,W,920833,707962,1628795
01/26/2013,A,560544,393542,954086
01/27/2013,U,360109,261812,621921
01/28/2013,W,1000004,718545,1718549
01/29/2013,W,1009440,728633,1738073
01/30/2013,W,997461,735084,1732545
01/31/2013,W,955113,713918,1669031
02/01/2013,W,878531,659888,1538419
02/02/2013,A,554095,378484,932579
02/03/2013,U,396422,271153,667575
02/04/2013,W,983474,710890,1694364
02/05/2013,W,1021386,733180,1754566
02/06/2013,W,1035100,739979,1775079
02/07/2013,W,973458,743264,1716722
02/08/2013,W,994675,723430,1718105
02/09/2013,A,611263,426081,1037344
02/10/2013,U,392914,278417,671331
02/11/2013,W,994224,708331,1702555
02/12/2013,W,901097,687334,1588431
02/13/2013,W,1070447,754178,1824625
02/14/2013,W,1054969,758213,1813182
02/15/2013,W,1013485,731689,1745174
02/16/2013,A,598259,412929,1011188
02/17/2013,U,445505,317885,763390
02/18/2013,W,830133,567064,1397197
02/19/2013,W,961489,709244,1670733
02/20/2013,W,995286,720364,1715650
02/21/2013,W,1012672,738526,1751198
02/22/2013,W,944394,716784,1661178
02/23/2013,A,597852,403004,1000856
02/24/2013,U,426783,280619,707402
02/25/2013,W,1032337,718035,1750372
02/26/2013,W,917610,707649,1625259
02/27/2013,W,1004620,732706,1737326
02/28/2013,W,1011461,741077,1752538
03/01/2013,W,1030897,726385,1757282
03/02/2013,A,641791,407706,1049497
03/03/2013,U,451612,290260,741872
03/04/2013,W,1046582,684343,1730925
03/05/2013,W,915814,662182,1577996
03/06/2013,W,1000963,703897,1704860
03/07/2013,W,1039889,724517,1764406
03/08/2013,W,1047924,716118,1764042
03/09/2013,A,619396,404506,1023902
03/10/2013,U,417260,285624,702884
03/11/2013,W,1009909,713865,1723774
03/12/2013,W,1017656,738907,1756563
03/13/2013,W,1034585,748618,1783203
03/14/2013,W,1033042,755471,1788513
03/15/2013,W,1002907,771603,1774510
03/16/2013,A,626782,610526,1237308
03/17/2013,U,433504,338473,771977
03/18/2013,W,971804,715696,1687500
03/19/2013,W,990010,723671,1713681
03/20/2013,W,980735,721345,1702080
03/21/2013,W,999714,729901,1729615
03/22/2013,W,1003565,721149,1724714
03/23/2013,A,609394,425222,1034616
03/24/2013,U,401250,288966,690216
03/25/2013,W,828707,630136,1458843
03/26/2013,W,876069,655138,1531207
03/27/2013,W,880496,670282,1550778
03/28/2013,W,893443,679530,1572973
03/29/2013,W,829810,621657,1451467
03/30/2013,A,594213,395747,989960
03/31/2013,U,402842,267293,670135
04/01/2013,W,980489,708026,1688515
04/02/2013,W,993149,728501,1721650
04/03/2013,W,1034924,746014,1780938
04/04/2013,W,1015284,759059,1774343
04/05/2013,W,996072,746786,1742858
04/06/2013,A,611381,459388,1070769
04/07/2013,U,440588,357215,797803
04/08/2013,W,977325,737437,1714762
04/09/2013,W,999444,740720,1740164
04/10/2013,W,960903,717466,1678369
04/11/2013,W,982894,752525,1735419
04/12/2013,W,994973,753498,1748471
04/13/2013,A,600393,462508,1062901
04/14/2013,U,450337,351742,802079
04/15/2013,W,992589,717933,1710522
04/16/2013,W,1014884,753356,1768240
04/17/2013,W,915006,711500,1626506
04/18/2013,W,811655,693760,1505415
04/19/2013,W,959757,718526,1678283
04/20/2013,A,615433,448035,1063468
04/21/2013,U,441267,313744,755011
04/22/2013,W,1001200,731504,1732704
04/23/2013,W,922329,715764,1638093
04/24/2013,W,952859,736305,1689164
04/25/2013,W,1008224,755375,1763599
04/26/2013,W,999388,750687,1750075
04/27/2013,A,654086,460650,1114736
04/28/2013,U,455561,320737,776298
04/29/2013,W,1009306,717625,1726931
04/30/2013,W,1029285,738733,1768018
05/01/2013,W,1077184,762553,1839737
05/02/2013,W,1028782,752135,1780917
05/03/2013,W,1023402,730511,1753913
05/04/2013,A,655097,465245,1120342
05/05/2013,U,471437,350222,821659
05/06/2013,W,1017895,729615,1747510
05/07/2013,W,1022360,758068,1780428
05/08/2013,W,1025713,769649,1795362
05/09/2013,W,1003192,721753,1724945
05/10/2013,W,972916,725511,1698427
05/11/2013,A,603110,435938,1039048
05/12/2013,U,414976,313848,728824
05/13/2013,W,961814,713048,1674862
05/14/2013,W,1006636,750210,1756846
05/15/2013,W,995042,758657,1753699
05/16/2013,W,982565,746034,1728599
05/17/2013,W,966483,757439,1723922
05/18/2013,A,625752,493226,1118978
05/19/2013,U,485211,363850,849061
05/20/2013,W,1008704,681176,1689880
05/21/2013,W,1013059,689412,1702471
05/22/2013,W,982149,687729,1669878
05/23/2013,W,987008,693752,1680760
05/24/2013,W,1010765,676692,1687457
05/25/2013,A,600972,369584,970556
05/26/2013,U,460009,336563,796572
05/27/2013,U,415696,286211,701907
05/28/2013,W,982424,672485,1654909
05/29/2013,W,1014424,715430,1729854
05/30/2013,W,996198,717726,1713924
05/31/2013,W,1044620,719350,1763970
06/01/2013,A,631022,445218,1076240
06/02/2013,U,439719,333835,773554
06/03/2013,W,1054416,707210,1761626
06/04/2013,W,1044555,716102,1760657
06/05/2013,W,1024709,716938,1741647
06/06/2013,W,1021552,736943,1758495
06/07/2013,W,1030362,768035,1798397
06/08/2013,A,661759,537485,1199244
06/09/2013,U,473625,393881,867506
06/10/2013,W,993550,731202,1724752
06/11/2013,W,1027027,752653,1779680
06/12/2013,W,969474,718831,1688305
06/13/2013,W,1031992,761985,1793977
06/14/2013,W,1033513,747980,1781493
06/15/2013,A,624345,453140,1077485
06/16/2013,U,479896,369569,849465
06/17/2013,W,969085,692856,1661941
06/18/2013,W,975403,701224,1676627
06/19/2013,W,990561,718139,1708700
06/20/2013,W,974707,724184,1698891
06/21/2013,W,917934,724999,1642933
06/22/2013,A,633702,488805,1122507
06/23/2013,U,479321,394460,873781
06/24/2013,W,920436,699721,1620157
06/25/2013,W,888128,694726,1582854
06/26/2013,W,866326,690875,1557201
06/27/2013,W,913619,723050,1636669
06/28/2013,W,898642,894811,1793453
06/29/2013,A,620304,463716,1084020
06/30/2013,U,488073,543707,1031780
07/01/2013,W,946062,681252,1627314
07/02/2013,W,911309,677994,1589303
07/03/2013,W,945848,693445,1639293
07/04/2013,U,525424,407174,932598
07/05/2013,W,806355,592583,1398938
07/06/2013,A,619632,463509,1083141
07/07/2013,U,467091,354565,821656
07/08/2013,W,863581,664506,1528087
07/09/2013,W,928137,708853,1636990
07/10/2013,W,961940,756010,1717950
07/11/2013,W,958922,787568,1746490
07/12/2013,W,928925,802562,1731487
07/13/2013,A,662483,565833,1228316
07/14/2013,U,487170,413355,900525
07/15/2013,W,904464,683553,1588017
07/16/2013,W,924281,695896,1620177
07/17/2013,W,922657,706991,1629648
07/18/2013,W,904388,720245,1624633
07/19/2013,W,897959,775821,1673780
07/20/2013,A,646339,546852,1193191
07/21/2013,U,469900,410606,880506
07/22/2013,W,903084,709718,1612802
07/23/2013,W,919858,720357,1640215
07/24/2013,W,928256,713067,1641323
07/25/2013,W,919260,715876,1635136
07/26/2013,W,890066,688728,1578794
07/27/2013,A,614357,461775,1076132
07/28/2013,U,455742,371125,826867
07/29/2013,W,894999,693570,1588569
07/30/2013,W,894122,713697,1607819
07/31/2013,W,898783,707557,1606340
08/01/2013,W,950707,753887,1704594
08/02/2013,W,918087,795020,1713107
08/03/2013,A,667710,574621,1242331
08/04/2013,U,475029,462380,937409
08/05/2013,W,885007,688747,1573754
08/06/2013,W,914261,698763,1613024
08/07/2013,W,898114,694946,1593060
08/08/2013,W,912994,702001,1614995
08/09/2013,W,906417,711160,1617577
08/10/2013,A,642566,493210,1135776
08/11/2013,U,459030,365118,824148
08/12/2013,W,848703,684985,1533688
08/13/2013,W,883243,712564,1595807
08/14/2013,W,882740,717664,1600404
08/15/2013,W,877526,705604,1583130
08/16/2013,W,890423,730276,1620699
08/17/2013,A,634078,506124,1140202
08/18/2013,U,472515,384202,856717
08/19/2013,W,859701,671949,1531650
08/20/2013,W,894283,699558,1593841
08/21/2013,W,894827,704103,1598930
08/22/2013,W,855068,697777,1552845
08/23/2013,W,932928,715975,1648903
08/24/2013,A,632311,465546,1097857
08/25/2013,U,463843,353352,817195
08/26/2013,W,1020173,696403,1716576
08/27/2013,W,1032675,721814,1754489
08/28/2013,W,1019457,732138,1751595
08/29/2013,W,1048608,759088,1807696
08/30/2013,W,1025684,740853,1766537
08/31/2013,A,596363,462487,1058850
09/01/2013,U,493648,423770,917418
09/02/2013,U,454573,344582,799155
09/03/2013,W,1089544,761455,1850999
09/04/2013,W,1077803,769975,1847778
09/05/2013,W,1059826,763277,1823103
09/06/2013,W,1067536,786864,1854400
09/07/2013,A,634809,510149,1144958
09/08/2013,U,459104,371781,830885
09/09/2013,W,1052783,752305,1805088
09/10/2013,W,1034136,762582,1796718
09/11/2013,W,1047538,783710,1831248
09/12/2013,W,1050318,812163,1862481
09/13/2013,W,1036536,803298,1839834
09/14/2013,A,632081,504797,1136878
09/15/2013,U,409765,345621,755386
09/16/2013,W,1033555,776155,1809710
09/17/2013,W,1049035,788413,1837448
09/18/2013,W,1023243,783471,1806714
09/19/2013,W,1000885,791208,1792093
09/20/2013,W,1034561,800104,1834665
09/21/2013,A,629564,526128,1155692
09/22/2013,U,445308,368372,813680
09/23/2013,W,1026469,780751,1807220
09/24/2013,W,1041341,805859,1847200
09/25/2013,W,1055790,810826,1866616
09/26/2013,W,1047323,813509,1860832
09/27/2013,W,1034355,797916,1832271
09/28/2013,A,635517,506929,1142446
09/29/2013,U,439655,360040,799695
09/30/2013,W,1007775,765034,1772809
10/01/2013,W,1100251,760127,1860378
10/02/2013,W,1060370,771294,1831664
10/03/2013,W,1073368,776149,1849517
10/04/2013,W,1055644,763663,1819307
10/05/2013,A,606526,457086,1063612
10/06/2013,U,468784,350969,819753
10/07/2013,W,1033503,748714,1782217
10/08/2013,W,1062411,762764,1825175
10/09/2013,W,1056846,774550,1831396
10/10/2013,W,1041043,803786,1844829
10/11/2013,W,1033797,792305,1826102
10/12/2013,A,597479,497092,1094571
10/13/2013,U,433578,528335,961913
10/14/2013,W,836533,678287,1514820
10/15/2013,W,1005851,764848,1770699
10/16/2013,W,1017742,779074,1796816
10/17/2013,W,1025838,789200,1815038
10/18/2013,W,1024958,784891,1809849
10/19/2013,A,599201,498671,1097872
10/20/2013,U,417109,367355,784464
10/21/2013,W,972502,778456,1750958
10/22/2013,W,948098,785501,1733599
10/23/2013,W,993612,797121,1790733
10/24/2013,W,1007402,810665,1818067
10/25/2013,W,986527,797551,1784078
10/26/2013,A,578216,492032,1070248
10/27/2013,U,413217,346467,759684
10/28/2013,W,982644,768974,1751618
10/29/2013,W,976102,790974,1767076
10/30/2013,W,967902,791183,1759085
10/31/2013,W,956055,786574,1742629
11/01/2013,W,937537,783970,1721507
11/02/2013,A,593170,483120,1076290
11/03/2013,U,430036,384737,814773
11/04/2013,W,978017,788454,1766471
11/05/2013,W,982549,795511,1778060
11/06/2013,W,965938,792044,1757982
11/07/2013,W,974582,812279,1786861
11/08/2013,W,974269,808267,1782536
11/09/2013,A,589432,507077,1096509
11/10/2013,U,426989,370923,797912
11/11/2013,W,727925,671720,1399645
11/12/2013,W,884181,770609,1654790
11/13/2013,W,967800,783483,1751283
11/14/2013,W,968420,806089,1774509
11/15/2013,W,972734,803561,1776295
11/16/2013,A,548828,489767,1038595
11/17/2013,U,343928,316525,660453
11/18/2013,W,948312,775101,1723413
11/19/2013,W,972260,790434,1762694
11/20/2013,W,974233,788003,1762236
11/21/2013,W,967167,799283,1766450
11/22/2013,W,955058,797556,1752614
11/23/2013,A,535573,513370,1048943
11/24/2013,U,362949,311868,674817
11/25/2013,W,898537,742488,1641025
11/26/2013,W,913171,768042,1681213
11/27/2013,W,785887,655899,1441786
11/28/2013,U,316200,238112,554312
11/29/2013,W,625605,448939,1074544
11/30/2013,A,594111,419067,1013178
12/01/2013,U,393065,311377,704442
12/02/2013,W,966367,745892,1712259
12/03/2013,W,1011416,772345,1783761
12/04/2013,W,1022579,778031,1800610
12/05/2013,W,956982,782864,1739846
12/06/2013,W,933388,766511,1699899
12/07/2013,A,523861,455354,979215
12/08/2013,U,356936,322820,679756
12/09/2013,W,904306,745781,1650087
12/10/2013,W,884567,726111,1610678
12/11/2013,W,888272,736512,1624784
12/12/2013,W,864926,722404,1587330
12/13/2013,W,930494,760860,1691354
12/14/2013,A,508408,473775,982183
12/15/2013,U,357251,317666,674917
12/16/2013,W,856591,697993,1554584
12/17/2013,W,883958,716650,1600608
12/18/2013,W,900934,719652,1620586
12/19/2013,W,888294,715173,1603467
12/20/2013,W,885107,706214,1591321
12/21/2013,A,513799,421443,935242
12/22/2013,U,374537,310920,685457
12/23/2013,W,691365,545145,1236510
12/24/2013,W,474089,341784,815873
12/25/2013,U,218166,144912,363078
12/26/2013,W,557420,438202,995622
12/27/2013,W,659876,531774,1191650
12/28/2013,A,506219,405004,911223
12/29/2013,U,335610,292169,627779
12/30/2013,W,604796,537971,1142767
12/31/2013,W,595963,565346,1161309
01/01/2014,U,281657,303441,585098
01/02/2014,W,601103,569395,1170498
01/03/2014,W,691262,598290,1289552
01/04/2014,A,469542,361203,830745
01/05/2014,U,268582,237067,505649
01/06/2014,W,311075,269542,580617
01/07/2014,W,489810,468681,958491
01/08/2014,W,806256,687473,1493729
01/09/2014,W,860867,727384,1588251
01/10/2014,W,872079,725812,1597891
01/11/2014,A,526267,424639,950906
01/12/2014,U,387031,312663,699694
01/13/2014,W,948883,762345,1711228
01/14/2014,W,923401,761893,1685294
01/15/2014,W,940266,761924,1702190
01/16/2014,W,927231,765910,1693141
01/17/2014,W,909353,743024,1652377
01/18/2014,A,480918,418986,899904
01/19/2014,U,372608,316288,688896
01/20/2014,W,599662,502485,1102147
01/21/2014,W,855515,734096,1589611
01/22/2014,W,872967,737074,1610041
01/23/2014,W,825049,715759,1540808
01/24/2014,W,763075,680260,1443335
01/25/2014,A,490314,396641,886955
01/26/2014,U,337328,280648,617976
01/27/2014,W,502031,472484,974515
01/28/2014,W,519517,485867,1005384
01/29/2014,W,889744,733780,1623524
01/30/2014,W,902855,751471,1654326
01/31/2014,W,930172,754479,1684651
02/01/2014,A,497989,405961,903950
02/02/2014,U,377994,299870,677864
02/03/2014,W,931825,729128,1660953
02/04/2014,W,946438,759960,1706398
02/05/2014,W,828739,753984,1582723
02/06/2014,W,888288,753787,1642075
02/07/2014,W,873759,724771,1598530
02/08/2014,A,513518,416614,930132
02/09/2014,U,385739,301471,687210
02/10/2014,W,888500,716772,1605272
02/11/2014,W,923651,743715,1667366
02/12/2014,W,842139,713255,1555394
02/13/2014,W,975061,784280,1759341
02/14/2014,W,961152,778342,1739494
02/15/2014,A,567619,448648,1016267
02/16/2014,U,401088,324457,725545
02/17/2014,W,695931,594339,1290270
02/18/2014,W,947147,777183,1724330
02/19/2014,W,974552,783745,1758297
02/20/2014,W,893699,759455,1653154
02/21/2014,W,926827,766802,1693629
02/22/2014,A,570349,452998,1023347
02/23/2014,U,392042,315317,707359
02/24/2014,W,925043,739926,1664969
02/25/2014,W,933471,752744,1686215
02/26/2014,W,884516,728685,1613201
02/27/2014,W,876615,728137,1604752
02/28/2014,W,936301,745915,1682216
03/01/2014,A,559952,448218,1008170
03/02/2014,U,371300,304402,675702
03/03/2014,W,900837,709629,1610466
03/04/2014,W,953477,761357,1714834
03/05/2014,W,918971,769178,1688149
03/06/2014,W,962802,775465,1738267
03/07/2014,W,958096,769821,1727917
03/08/2014,A,553250,447401,1000651
03/09/2014,U,405308,328025,733333
03/10/2014,W,959467,767043,1726510
03/11/2014,W,959134,772592,1731726
03/12/2014,W,868232,746895,1615127
03/13/2014,W,940113,785327,1725440
03/14/2014,W,955810,819256,1775066
03/15/2014,A,593789,674922,1268711
03/16/2014,U,371881,349484,721365
03/17/2014,W,932779,763579,1696358
03/18/2014,W,959483,782899,1742382
03/19/2014,W,920270,767680,1687950
03/20/2014,W,957032,786292,1743324
03/21/2014,W,959387,779226,1738613
03/22/2014,A,597815,452237,1050052
03/23/2014,U,418299,315092,733391
03/24/2014,W,923396,706637,1630033
03/25/2014,W,928067,719323,1647390
03/26/2014,W,961287,734053,1695340
03/27/2014,W,927050,725889,1652939
03/28/2014,W,944696,732211,1676907
03/29/2014,A,572055,438766,1010821
03/30/2014,U,432880,379220,812100
03/31/2014,W,940176,762112,1702288
04/01/2014,W,986346,772459,1758805
04/02/2014,W,952475,784201,1736676
04/03/2014,W,917123,765726,1682849
04/04/2014,W,941118,806643,1747761
04/05/2014,A,599182,531509,1130691
04/06/2014,U,435676,373726,809402
04/07/2014,W,913081,753038,1666119
04/08/2014,W,913012,773383,1686395
04/09/2014,W,977698,805182,1782880
04/10/2014,W,947682,806042,1753724
04/11/2014,W,953384,803062,1756446
04/12/2014,A,574622,524370,1098992
04/13/2014,U,390666,330841,721507
04/14/2014,W,792277,697727,1490004
04/15/2014,W,844484,734464,1578948
04/16/2014,W,866995,757767,1624762
04/17/2014,W,864791,770728,1635519
04/18/2014,W,814560,712086,1526646
04/19/2014,A,568016,476147,1044163
04/20/2014,U,399289,333380,732669
04/21/2014,W,876478,741631,1618109
04/22/2014,W,938052,794547,1732599
04/23/2014,W,911681,793484,1705165
04/24/2014,W,893970,794395,1688365
04/25/2014,W,936028,797851,1733879
04/26/2014,A,580601,499576,1080177
04/27/2014,U,400302,344503,744805
04/28/2014,W,884033,735132,1619165
04/29/2014,W,919869,770461,1690330
04/30/2014,W,925494,772097,1697591
05/01/2014,W,985012,788162,1773174
05/02/2014,W,981085,794448,1775533
05/03/2014,A,632332,511129,1143461
05/04/2014,U,429710,356412,786122
05/05/2014,W,963691,769476,1733167
05/06/2014,W,974250,784430,1758680
05/07/2014,W,967197,773634,1740831
05/08/2014,W,968856,794388,1763244
05/09/2014,W,921741,762641,1684382
05/10/2014,A,608188,468058,1076246
05/11/2014,U,402497,321063,723560
05/12/2014,W,880457,711215,1591672
05/13/2014,W,904717,735362,1640079
05/14/2014,W,916259,749500,1665759
05/15/2014,W,890597,751405,1642002
05/16/2014,W,900252,764035,1664287
05/17/2014,A,579674,492704,1072378
05/18/2014,U,434998,382342,817340
05/19/2014,W,885010,732346,1617356
05/20/2014,W,922226,781529,1703755
05/21/2014,W,925959,790957,1716916
05/22/2014,W,908285,788319,1696604
05/23/2014,W,906712,763127,1669839
05/24/2014,A,575483,490635,1066118
05/25/2014,U,450296,403930,854226
05/26/2014,U,413568,345231,758799
05/27/2014,W,880521,728464,1608985
05/28/2014,W,905284,751880,1657164
05/29/2014,W,901067,762505,1663572
05/30/2014,W,934382,782522,1716904
05/31/2014,A,600856,507919,1108775
06/01/2014,U,445596,376894,822490
06/02/2014,W,864622,726524,1591146
06/03/2014,W,936306,812230,1748536
06/04/2014,W,879397,762035,1641432
06/05/2014,W,910818,797899,1708717
06/06/2014,W,906586,796373,1702959
06/07/2014,A,585247,524812,1110059
06/08/2014,U,429503,393358,822861
06/09/2014,W,878784,750337,1629121
06/10/2014,W,859477,748307,1607784
06/11/2014,W,870560,761366,1631926
06/12/2014,W,880810,779426,1660236
06/13/2014,W,881991,810893,1692884
06/14/2014,A,581799,556285,1138084
06/15/2014,U,410273,388603,798876
06/16/2014,W,796802,729177,1525979
06/17/2014,W,806325,738327,1544652
06/18/2014,W,766725,717546,1484271
06/19/2014,W,803296,742211,1545507
06/20/2014,W,813597,775063,1588660
06/21/2014,A,537612,503304,1040916
06/22/2014,U,452933,427533,880466
06/23/2014,W,825185,726655,1551840
06/24/2014,W,859711,755376,1615087
06/25/2014,W,874922,761775,1636697
06/26/2014,W,883107,779277,1662384
06/27/2014,W,879565,793688,1673253
06/28/2014,A,574082,524253,1098335
06/29/2014,U,428350,534327,962677
06/30/2014,W,766381,697417,1463798
07/01/2014,W,855553,753101,1608654
07/02/2014,W,824805,725327,1550132
07/03/2014,W,856556,727253,1583809
07/04/2014,U,478993,473842,952835
07/05/2014,A,513494,439422,952916
07/06/2014,U,410521,354469,764990
07/07/2014,W,821674,704301,1525975
07/08/2014,W,836929,725372,1562301
07/09/2014,W,855793,763164,1618957
07/10/2014,W,854968,782968,1637936
07/11/2014,W,839507,817078,1656585
07/12/2014,A,497531,471216,968747
07/13/2014,U,437544,429753,867297
07/14/2014,W,803242,716634,1519876
07/15/2014,W,828927,739993,1568920
07/16/2014,W,844384,752925,1597309
07/17/2014,W,837907,762599,1600506
07/18/2014,W,839720,819331,1659051
07/19/2014,A,578126,559893,1138019
07/20/2014,U,423665,431674,855339
07/21/2014,W,821289,740142,1561431
07/22/2014,W,825700,765642,1591342
07/23/2014,W,838958,777929,1616887
07/24/2014,W,833052,790076,1623128
07/25/2014,W,813032,793426,1606458
07/26/2014,A,563247,540197,1103444
07/27/2014,U,423806,403719,827525
07/28/2014,W,810122,730188,1540310
07/29/2014,W,810857,746646,1557503
07/30/2014,W,815885,760415,1576300
07/31/2014,W,819409,785640,1605049
08/01/2014,W,841692,824658,1666350
08/02/2014,A,592660,571486,1164146
08/03/2014,U,420667,441136,861803
08/04/2014,W,798672,716949,1515621
08/05/2014,W,824134,737875,1562009
08/06/2014,W,827073,741608,1568681
08/07/2014,W,827473,745930,1573403
08/08/2014,W,836918,787177,1624095
08/09/2014,A,582607,552265,1134872
08/10/2014,U,427882,405792,833674
08/11/2014,W,772003,718836,1490839
08/12/2014,W,772713,719699,1492412
08/13/2014,W,817833,745654,1563487
08/14/2014,W,810388,770920,1581308
08/15/2014,W,820884,749693,1570577
08/16/2014,A,583313,501095,1084408
08/17/2014,U,422345,382210,804555
08/18/2014,W,786527,708188,1494715
08/19/2014,W,787767,727891,1515658
08/20/2014,W,829572,758067,1587639
08/21/2014,W,771537,739451,1510988
08/22/2014,W,816652,762365,1579017
08/23/2014,A,517416,459047,976463
08/24/2014,U,432777,387171,819948
08/25/2014,W,787836,712661,1500497
08/26/2014,W,858520,757206,1615726
08/27/2014,W,874420,768933,1643353
08/28/2014,W,867478,773821,1641299
08/29/2014,W,871087,781881,1652968
08/30/2014,A,581944,520855,1102799
08/31/2014,U,451820,448668,900488
09/01/2014,U,419182,366912,786094
09/02/2014,W,952266,773307,1725573
09/03/2014,W,985184,813174,1798358
09/04/2014,W,942676,794090,1736766
09/05/2014,W,933196,801886,1735082
09/06/2014,A,593846,534590,1128436
09/07/2014,U,427686,395246,822932
09/08/2014,W,956395,786501,1742896
09/09/2014,W,967610,800307,1767917
09/10/2014,W,898549,788458,1687007
09/11/2014,W,953091,833378,1786469
09/12/2014,W,929062,817716,1746778
09/13/2014,A,584842,525886,1110728
09/14/2014,U,431379,386903,818282
09/15/2014,W,924594,804175,1728769
09/16/2014,W,964802,827582,1792384
09/17/2014,W,975664,832609,1808273
09/18/2014,W,967453,848591,1816044
09/19/2014,W,955896,854602,1810498
09/20/2014,A,566053,511922,1077975
09/21/2014,U,417931,387673,805604
09/22/2014,W,947353,819134,1766487
09/23/2014,W,960506,826655,1787161
09/24/2014,W,961323,833600,1794923
09/25/2014,W,963447,824454,1787901
09/26/2014,W,957961,814285,1772246
09/27/2014,A,592901,515308,1108209
09/28/2014,U,423502,386129,809631
09/29/2014,W,934648,793644,1728292
09/30/2014,W,945847,805360,1751207
10/01/2014,W,1010778,825205,1835983
10/02/2014,W,960602,820764,1781366
10/03/2014,W,954675,811571,1766246
10/04/2014,A,557711,482714,1040425
10/05/2014,U,420636,353400,774036
10/06/2014,W,957372,798793,1756165
10/07/2014,W,971693,814006,1785699
10/08/2014,W,972010,822875,1794885
10/09/2014,W,969095,838925,1808020
10/10/2014,W,954800,839036,1793836
10/11/2014,A,584377,527418,1111795
10/12/2014,U,389901,549571,939472
10/13/2014,W,743512,714675,1458187
10/14/2014,W,914687,814971,1729658
10/15/2014,W,956165,826620,1782785
10/16/2014,W,959217,848014,1807231
10/17/2014,W,949303,844701,1794004
10/18/2014,A,567859,525540,1093399
10/19/2014,U,424169,393552,817721
10/20/2014,W,939282,801698,1740980
10/21/2014,W,947668,814300,1761968
10/22/2014,W,959209,818395,1777604
10/23/2014,W,949675,829088,1778763
10/24/2014,W,943435,815235,1758670
10/25/2014,A,586281,500235,1086516
10/26/2014,U,410811,362143,772954
10/27/2014,W,940038,792398,1732436
10/28/2014,W,953363,812867,1766230
10/29/2014,W,944219,813686,1757905
10/30/2014,W,951547,830872,1782419
10/31/2014,W,894082,800198,1694280
11/01/2014,A,556675,491328,1048003
11/02/2014,U,416049,383910,799959
11/03/2014,W,995821,805002,1800823
11/04/2014,W,971255,805374,1776629
11/05/2014,W,990008,827900,1817908
11/06/2014,W,941564,821892,1763456
11/07/2014,W,873365,802400,1675765
11/08/2014,A,563782,492608,1056390
11/09/2014,U,411806,379597,791403
11/10/2014,W,938000,786491,1724491
11/11/2014,W,759033,698289,1457322
11/12/2014,W,911664,797730,1709394
11/13/2014,W,866929,789154,1656083
11/14/2014,W,911150,794103,1705253
11/15/2014,A,532937,458706,991643
11/16/2014,U,372383,331794,704177
11/17/2014,W,863661,758113,1621774
11/18/2014,W,846179,755916,1602095
11/19/2014,W,889137,774198,1663335
11/20/2014,W,899732,786919,1686651
11/21/2014,W,898889,787291,1686180
11/22/2014,A,534874,525065,1059939
11/23/2014,U,380928,340202,721130
11/24/2014,W,857759,746052,1603811
11/25/2014,W,889039,780322,1669361
11/26/2014,W,738720,652762,1391482
11/27/2014,U,285946,233318,519264
11/28/2014,W,525696,424837,950533
11/29/2014,A,493851,417770,911621
11/30/2014,U,367831,311435,679266
12/12/2014,W,912339,773048,1685387
12/16/2014,W,875970,729798,1605768
12/01/2014,W,912722,743704,1656426
12/14/2014,U,418122,357042,775164
12/27/2014,A,449446,337243,786689
12/02/2014,W,926053,766316,1692369
12/17/2014,W,868378,720814,1589192
12/28/2014,U,353263,283343,636606
12/04/2014,W,939372,804113,1743485
12/11/2014,W,922765,774798,1697563
12/31/2014,W,599316,642981,1242297
12/20/2014,A,537820,436322,974142
12/18/2014,W,867861,722656,1590517
12/06/2014,A,569561,490865,1060426
12/26/2014,W,569843,422543,992386
12/30/2014,W,646243,567099,1213342
12/08/2014,W,882998,734002,1617000
12/22/2014,W,705765,619508,1325273
12/03/2014,W,964141,782753,1746894
12/09/2014,W,911402,758780,1670182
12/13/2014,A,575613,498945,1074558
12/05/2014,W,937187,800885,1738072
12/24/2014,W,549046,388742,937788
12/19/2014,W,857137,716221,1573358
12/21/2014,U,397000,332367,729367
12/10/2014,W,914038,763277,1677315
12/07/2014,U,397656,334688,732344
12/29/2014,W,654612,559416,1214028
12/23/2014,W,720116,617728,1337844
12/15/2014,W,871449,725989,1597438
12/25/2014,U,238015,159831,397846
01/17/2015,A,539500,417756,957256
07/24/2014,W,833052,790076,1623128
01/12/2015,W,871183,738697,1609880
01/31/2015,A,551745,419577,971322
07/12/2014,A,497531,471216,968747
01/20/2015,W,913930,754946,1668876
07/23/2014,W,838958,777929,1616887
07/04/2014,U,478993,473842,952835
07/05/2014,A,513494,439422,952916
07/06/2014,U,410521,354469,764990
01/18/2015,U,391445,300710,692155
01/02/2015,W,656375,527583,1183958
07/27/2014,U,423806,403719,827525
07/25/2014,W,813032,793426,1606458
07/22/2014,W,825700,765642,1591342
01/29/2015,W,898174,760217,1658391
01/06/2015,W,771953,679913,1451866
07/15/2014,W,828927,739993,1568920
01/21/2015,W,905178,756860,1662038
01/27/2015,W,913448,764457,1677905
07/01/2014,W,855553,753101,1608654
01/01/2015,U,300426,287754,588180
07/21/2014,W,821289,740142,1561431
01/16/2015,W,898222,748177,1646399
01/13/2015,W,881226,743774,1625000
07/03/2014,W,856556,727253,1583809
01/10/2015,A,435672,352140,787812
01/08/2015,W,558275,579994,1138269
01/05/2015,W,753918,657877,1411795
07/11/2014,W,839507,817078,1656585
01/04/2015,U,330082,267676,597758
07/08/2014,W,836929,725372,1562301
07/14/2014,W,803242,716634,1519876
07/18/2014,W,839720,819331,1659051
07/10/2014,W,854968,782968,1637936
01/15/2015,W,899363,760336,1659699
07/20/2014,U,423665,431674,855339
01/14/2015,W,885449,742410,1627859
07/19/2014,A,578126,559893,1138019
01/23/2015,W,902567,747376,1649943
01/24/2015,A,538766,415123,953889
01/19/2015,W,597347,502376,1099723
01/30/2015,W,933971,754968,1688939
01/03/2015,A,441327,340135,781462
07/02/2014,W,824805,725327,1550132
01/11/2015,U,349027,279494,628521
07/13/2014,U,437544,429753,867297
07/29/2014,W,810857,746646,1557503
07/26/2014,A,563247,540197,1103444
01/28/2015,W,922297,763680,1685977
07/30/2014,W,815885,760415,1576300
01/09/2015,W,715334,639901,1355235
01/22/2015,W,903230,761705,1664935
07/09/2014,W,855793,763164,1618957
01/25/2015,U,339402,279154,618556
07/07/2014,W,821674,704301,1525975
07/28/2014,W,810122,730188,1540310
01/26/2015,W,896430,738965,1635395
07/31/2014,W,819409,785640,1605049
07/16/2014,W,844384,752925,1597309
01/07/2015,W,508815,509075,1017890
07/17/2014,W,837907,762599,1600506
02/27/2015,W,903421,736663,1640084
02/04/2015,W,957218,791399,1748617
02/11/2015,W,966071,770885,1736956
02/14/2015,A,514916,380652,895568
02/26/2015,W,857402,755359,1612761
02/15/2015,U,336299,276160,612459
02/25/2015,W,905748,752497,1658245
02/03/2015,W,947457,806148,1753605
02/07/2015,A,600789,439214,1040003
02/08/2015,U,399923,298701,698624
02/02/2015,W,632367,563770,1196137
02/21/2015,A,565948,410400,976348
02/19/2015,W,576326,575180,1151506
02/23/2015,W,857014,700742,1557756
02/05/2015,W,932148,780378,1712526
02/22/2015,U,378733,299663,678396
02/09/2015,W,936475,750136,1686611
02/17/2015,W,912529,745575,1658104
02/24/2015,W,901872,728674,1630546
02/28/2015,A,542479,405241,947720
02/13/2015,W,911949,740559,1652508
02/06/2015,W,959648,768091,1727739
02/12/2015,W,883395,729249,1612644
02/10/2015,W,965833,772727,1738560
02/16/2015,W,652807,547767,1200574
02/20/2015,W,847700,697600,1545300
02/18/2015,W,833785,707746,1541531
02/01/2015,U,293689,270615,564304
03/29/2015,U,362329,325865,688194
03/01/2015,U,383971,293964,677935
03/07/2015,A,585771,427330,1013101
03/02/2015,W,912384,715945,1628329
03/12/2015,W,953310,790210,1743520
03/05/2015,W,909192,744229,1653421
03/23/2015,W,817246,693264,1510510
03/27/2015,W,888293,726738,1615031
03/19/2015,W,928929,771127,1700056
03/16/2015,W,939583,768218,1707801
03/10/2015,W,953173,767551,1720724
03/15/2015,U,432055,362045,794100
03/28/2015,A,539031,429689,968720
03/13/2015,W,950690,801547,1752237
03/03/2015,W,904439,735951,1640390
03/26/2015,W,925361,736687,1662048
03/21/2015,A,566447,447493,1013940
03/11/2015,W,955083,778171,1733254
03/20/2015,W,932331,760906,1693237
03/24/2015,W,904344,727888,1632232
03/14/2015,A,605758,673707,1279465
03/18/2015,W,937056,771625,1708681
03/22/2015,U,383134,306283,689417
03/30/2015,W,903992,736692,1640684
03/08/2015,U,399324,309962,709286
03/31/2015,W,922487,753405,1675892
03/06/2015,W,909446,732902,1642348
03/17/2015,W,934438,770081,1704519
03/09/2015,W,935951,752995,1688946
03/25/2015,W,916538,734311,1650849
03/04/2015,W,928771,750369,1679140
05/09/2015,A,572064,455436,1027500
04/12/2015,U,410420,332334,742754
05/08/2015,W,916218,780602,1696820
05/20/2015,W,906942,760399,1667341
04/22/2015,W,925517,780432,1705949
04/23/2015,W,935537,799888,1735425
05/05/2015,W,918652,769751,1688403
05/01/2015,W,993931,835711,1829642
05/16/2015,A,561092,493377,1054469
05/28/2015,W,925094,787104,1712198
04/18/2015,A,599954,503902,1103856
04/29/2015,W,934550,793551,1728101
05/03/2015,U,435591,379014,814605
04/16/2015,W,890058,791213,1681271
04/24/2015,W,912926,782626,1695552
05/02/2015,A,629640,548837,1178477
05/23/2015,A,575386,501879,1077265
04/04/2015,A,582015,427101,1009116
05/22/2015,W,908692,760362,1669054
05/18/2015,W,908842,761991,1670833
05/19/2015,W,902867,759919,1662786
04/05/2015,U,393690,327292,720982
05/17/2015,U,415263,373832,789095
04/28/2015,W,941909,789018,1730927
04/27/2015,W,925541,769888,1695429
04/21/2015,W,931681,779658,1711339
05/21/2015,W,921476,784762,1706238
04/10/2015,W,828661,757159,1585820
04/06/2015,W,807389,711923,1519312
05/30/2015,A,481814,428464,910278
04/11/2015,A,586791,469045,1055836
05/31/2015,U,388866,351159,740025
04/26/2015,U,419729,352658,772387
05/13/2015,W,926402,784501,1710903
04/09/2015,W,748326,711033,1459359
05/26/2015,W,878946,743291,1622237
05/27/2015,W,921204,783749,1704953
05/10/2015,U,385323,315215,700538
05/24/2015,U,401488,366008,767496
04/01/2015,W,974353,784085,1758438
05/04/2015,W,933337,756442,1689779
04/20/2015,W,907393,762726,1670119
04/02/2015,W,897550,761806,1659356
04/19/2015,U,394676,338222,732898
04/14/2015,W,946490,796083,1742573
04/03/2015,W,814328,681130,1495458
05/29/2015,W,892551,800510,1693061
04/25/2015,A,496407,435893,932300
05/12/2015,W,904654,770185,1674839
04/17/2015,W,936814,818272,1755086
05/07/2015,W,956437,810302,1766739
04/15/2015,W,904861,796244,1701105
05/11/2015,W,869148,743353,1612501
04/13/2015,W,908654,767492,1676146
05/25/2015,U,397951,357227,755178
04/08/2015,W,822289,750275,1572564
05/06/2015,W,951886,789988,1741874
05/15/2015,W,921190,804671,1725861
05/14/2015,W,912634,795093,1707727
04/30/2015,W,923564,817167,1740731
04/07/2015,W,813597,727328,1540925
06/06/2015,A,606641,511352,1117993
06/17/2015,W,869500,775968,1645468
06/24/2015,W,821308,787858,1609166
06/15/2015,W,817931,774439,1592370
06/03/2015,W,964899,794693,1759592
06/01/2015,W,942997,757975,1700972
06/22/2015,W,759346,731448,1490794
06/10/2015,W,915049,801607,1716656
06/04/2015,W,938834,797464,1736298
06/08/2015,W,891851,759176,1651027
06/12/2015,W,854059,812194,1666253
06/19/2015,W,893122,813552,1706674
06/18/2015,W,867529,914768,1782297
06/23/2015,W,840211,794064,1634275
06/26/2015,W,773954,748661,1522615
06/14/2015,U,419317,407107,826424
06/07/2015,U,388946,337748,726694
06/09/2015,W,932006,792806,1724812
06/21/2015,U,439513,390557,830070
06/27/2015,A,570969,509237,1080206
06/30/2015,W,835118,751277,1586395
06/20/2015,A,563855,500734,1064589
06/29/2015,W,797072,730941,1528013
06/13/2015,A,590950,566965,1157915
06/28/2015,U,439944,577866,1017810
06/25/2015,W,808260,791423,1599683
06/02/2015,W,933346,779073,1712419
06/11/2015,W,898644,811432,1710076
06/16/2015,W,911783,818185,1729968
06/05/2015,W,919157,784462,1703619
08/09/2015,U,414942,384961,799903
07/16/2015,W,802468,762144,1564612
08/12/2015,W,817244,772367,1589611
08/21/2015,W,829744,785707,1615451
08/08/2015,A,577878,534305,1112183
07/27/2015,W,820529,760311,1580840
08/29/2015,A,520511,468675,989186
08/02/2015,U,425896,469421,895317
08/05/2015,W,831758,765442,1597200
08/01/2015,A,574270,587633,1161903
08/14/2015,W,813718,760558,1574276
08/20/2015,W,820929,778440,1599369
07/08/2015,W,848028,813381,1661409
07/17/2015,W,822257,809549,1631806
08/27/2015,W,858460,803728,1662188
07/31/2015,W,834790,871817,1706607
07/23/2015,W,844483,783822,1628305
08/26/2015,W,860821,774429,1635250
08/28/2015,W,841111,770482,1611593
08/16/2015,U,448872,420453,869325
07/15/2015,W,859672,775047,1634719
07/09/2015,W,856253,834100,1690353
07/07/2015,W,834983,794300,1629283
07/29/2015,W,814733,820373,1635106
08/03/2015,W,833632,751771,1585403
07/22/2015,W,844761,785763,1630524
08/10/2015,W,772518,716242,1488760
08/31/2015,W,836125,771622,1607747
07/01/2015,W,886380,762718,1649098
07/20/2015,W,819425,749387,1568812
08/19/2015,W,801496,768950,1570446
07/28/2015,W,827024,782394,1609418
08/23/2015,U,412542,393966,806508
08/11/2015,W,823620,770361,1593981
08/30/2015,U,417777,371923,789700
07/25/2015,A,573827,539665,1113492
07/21/2015,W,848416,782194,1630610
08/06/2015,W,825012,795399,1620411
07/03/2015,U,602599,612736,1215335
07/06/2015,W,816338,770918,1587256
07/18/2015,A,529845,515769,1045614
08/13/2015,W,817948,790163,1608111
07/30/2015,W,825894,811903,1637797
07/05/2015,U,427090,435680,862770
07/02/2015,W,850667,773838,1624505
08/17/2015,W,775836,708821,1484657
07/13/2015,W,784509,727235,1511744
08/04/2015,W,839704,762573,1602277
07/04/2015,A,508110,545727,1053837
07/12/2015,U,457477,468153,925630
07/10/2015,W,858745,851630,1710375
08/24/2015,W,824140,774207,1598347
07/24/2015,W,830024,818410,1648434
07/26/2015,U,419005,402975,821980
07/11/2015,A,575848,560642,1136490
08/25/2015,W,838405,768794,1607199
07/19/2015,U,440059,443655,883714
07/14/2015,W,836909,760527,1597436
08/18/2015,W,782272,745246,1527518
08/15/2015,A,567544,517393,1084937
08/22/2015,A,582295,519930,1102225
08/07/2015,W,831076,798253,1629329
10/18/2015,U,415455,392712,808167
09/07/2015,U,419206,362421,781627
09/13/2015,U,423559,417183,840742
09/28/2015,W,929278,829791,1759069
10/25/2015,U,415182,368100,783282
09/09/2015,W,966510,821823,1788333
10/01/2015,W,993576,848050,1841626
10/09/2015,W,931769,854606,1786375
09/05/2015,A,571868,528694,1100562
10/31/2015,A,500004,418362,918366
10/30/2015,W,949185,840246,1789431
09/19/2015,A,558990,557919,1116909
10/12/2015,W,759254,776968,1536222
09/18/2015,W,895702,853094,1748796
09/16/2015,W,956622,840594,1797216
10/19/2015,W,930236,819286,1749522
10/24/2015,A,556146,492083,1048229
10/27/2015,W,916953,824772,1741725
10/26/2015,W,929741,805144,1734885
09/17/2015,W,927771,851514,1779285
10/29/2015,W,916453,837868,1754321
10/02/2015,W,981039,837159,1818198
09/06/2015,U,452841,452445,905286
09/02/2015,W,882052,792561,1674613
10/06/2015,W,967808,831137,1798945
10/22/2015,W,942983,852957,1795940
10/28/2015,W,910794,826173,1736967
09/01/2015,W,909864,799606,1709470
09/20/2015,U,433770,428858,862628
09/11/2015,W,924272,872323,1796595
09/22/2015,W,947566,842632,1790198
10/04/2015,U,417529,371950,789479
10/15/2015,W,946290,860809,1807099
10/14/2015,W,954519,845066,1799585
09/08/2015,W,885886,756110,1641996
10/03/2015,A,571153,488574,1059727
10/21/2015,W,955633,882188,1837821
09/29/2015,W,914286,822855,1737141
09/25/2015,W,951827,863209,1815036
09/26/2015,A,598862,565634,1164496
10/17/2015,A,578160,546096,1124256
09/14/2015,W,930582,803746,1734328
10/16/2015,W,936818,855252,1792070
09/21/2015,W,935471,837061,1772532
09/24/2015,W,942518,835403,1777921
10/23/2015,W,915489,828812,1744301
10/08/2015,W,959798,851423,1811221
10/11/2015,U,400140,558033,958173
10/10/2015,A,577667,541173,1118840
10/05/2015,W,948999,805091,1754090
09/03/2015,W,907453,800062,1707515
09/27/2015,U,422542,406802,829344
10/20/2015,W,950953,875792,1826745
09/12/2015,A,553239,530282,1083521
09/15/2015,W,956026,853826,1809852
09/10/2015,W,928707,823661,1752368
09/04/2015,W,869966,802219,1672185
09/30/2015,W,946374,835001,1781375
10/13/2015,W,947941,873747,1821688
09/23/2015,W,942933,838495,1781428
10/07/2015,W,970204,854361,1824565
11/28/2015,A,459598,396926,856524
11/07/2015,A,573470,496404,1069874
11/18/2015,W,893671,808901,1702572
11/13/2015,W,837532,804273,1641805
11/03/2015,W,987382,830460,1817842
11/17/2015,W,880013,801291,1681304
11/23/2015,W,877236,781545,1658781
11/30/2015,W,870662,756626,1627288
11/24/2015,W,898177,805812,1703989
11/01/2015,U,436791,378873,815664
11/02/2015,W,940464,817657,1758121
11/11/2015,W,755234,738828,1494062
11/08/2015,U,414784,379185,793969
11/06/2015,W,925054,832872,1757926
11/05/2015,W,942300,851684,1793984
11/27/2015,W,443089,410220,853309
11/21/2015,A,429624,469943,899567
11/22/2015,U,356953,338408,695361
11/09/2015,W,923927,811177,1735104
11/04/2015,W,956176,842035,1798211
11/12/2015,W,879349,820988,1700337
11/25/2015,W,735265,667707,1402972
11/10/2015,W,940362,832141,1772503
11/15/2015,U,411704,352488,764192
11/20/2015,W,894949,812590,1707539
11/26/2015,U,288282,234285,522567
11/19/2015,W,884290,811595,1695885
11/14/2015,A,545554,475091,1020645
11/16/2015,W,908305,797597,1705902
11/29/2015,U,365314,312990,678304
12/03/2015,W,940609,807065,1747674
12/15/2015,W,884506,755882,1640388
12/25/2015,U,231718,162100,393818
12/08/2015,W,910018,775695,1685713
12/31/2015,W,604409,565772,1170181
12/18/2015,W,846033,738908,1584941
12/07/2015,W,898172,758242,1656414
12/21/2015,W,696473,644071,1340544
12/05/2015,A,566882,501339,1068221
12/23/2015,W,654312,571814,1226126
12/10/2015,W,909606,796080,1705686
12/12/2015,A,541305,491199,1032504
12/16/2015,W,871638,755292,1626930
12/06/2015,U,411174,360066,771240
12/30/2015,W,636706,585337,1222043
12/01/2015,W,949925,794768,1744693
12/04/2015,W,930083,815301,1745384
12/09/2015,W,916281,789224,1705505
12/26/2015,A,387357,292832,680189
12/28/2015,W,514171,484349,998520
12/02/2015,W,906715,792020,1698735
12/22/2015,W,722061,664559,1386620
12/14/2015,W,849106,728299,1577405
12/17/2015,W,864846,752203,1617049
12/27/2015,U,334737,272169,606906
12/24/2015,W,531521,378784,910305
12/19/2015,A,506208,423960,930168
12/11/2015,W,912854,801907,1714761
12/13/2015,U,383666,344084,727750
12/20/2015,U,392051,326681,718732
12/29/2015,W,638221,571322,1209543
02/24/2016,W,795160,725712,1520872
01/08/2016,W,841494,732495,1573989
01/16/2016,A,486797,404212,891009
01/09/2016,A,469539,391597,861136
01/10/2016,U,306896,263073,569969
02/06/2016,A,522296,423602,945898
01/23/2016,A,487975,416999,904974
01/26/2016,W,872768,764023,1636791
02/16/2016,W,883108,764147,1647255
02/25/2016,W,855117,762858,1617975
01/11/2016,W,753006,694734,1447740
01/15/2016,W,858032,742622,1600654
01/12/2016,W,760149,705694,1465843
02/08/2016,W,856547,733387,1589934
01/21/2016,W,873177,766262,1639439
02/22/2016,W,869531,745072,1614603
02/01/2016,W,926781,759849,1686630
01/05/2016,W,846789,727716,1574505
02/02/2016,W,833911,739247,1573158
01/07/2016,W,846274,736809,1583083
02/03/2016,W,925655,772821,1698476
01/14/2016,W,859099,758116,1617215
02/07/2016,U,377642,301141,678783
02/20/2016,A,566721,464149,1030870
02/09/2016,W,858961,752849,1611810
02/27/2016,A,536678,455421,992099
02/19/2016,W,887914,761996,1649910
01/27/2016,W,882832,768241,1651073
02/04/2016,W,901406,778227,1679633
01/24/2016,U,352859,293804,646663
02/14/2016,U,339238,314191,653429
01/04/2016,W,829429,703185,1532614
01/28/2016,W,877280,771161,1648441
02/29/2016,W,862380,742972,1605352
02/13/2016,A,438203,392095,830298
02/05/2016,W,785587,731495,1517082
02/10/2016,W,850090,742445,1592535
01/29/2016,W,863548,751090,1614638
01/19/2016,W,810646,727458,1538104
02/26/2016,W,865397,749991,1615388
01/17/2016,U,266532,241160,507692
02/21/2016,U,378769,311190,689959
01/18/2016,W,439597,405686,845283
01/03/2016,U,340540,287661,628201
02/11/2016,W,866884,752703,1619587
01/01/2016,U,303321,319835,623156
02/12/2016,W,820833,706242,1527075
02/23/2016,W,890949,765309,1656258
01/22/2016,W,841282,745168,1586450
01/30/2016,A,510514,427874,938388
01/25/2016,W,865486,751104,1616590
01/20/2016,W,856911,758524,1615435
01/02/2016,A,448859,365509,814368
01/06/2016,W,853904,733167,1587071
01/13/2016,W,787220,716663,1503883
01/31/2016,U,358361,293056,651417
02/15/2016,W,605584,548390,1153974
02/18/2016,W,890627,773317,1663944
02/17/2016,W,889758,766940,1656698
02/28/2016,U,385121,323758,708879
03/19/2016,A,520426,438020,958446
03/27/2016,U,342269,278098,620367
03/01/2016,W,859775,741922,1601697
03/21/2016,W,845669,707127,1552796
03/09/2016,W,882030,768961,1650991
03/20/2016,U,388282,318670,706952
03/10/2016,W,888084,780687,1668771
03/28/2016,W,842760,731858,1574618
03/16/2016,W,876232,779846,1656078
03/23/2016,W,838201,714672,1552873
03/29/2016,W,891134,766072,1657206
03/08/2016,W,902888,781301,1684189
03/24/2016,W,770638,689517,1460155
03/22/2016,W,863201,727343,1590544
03/11/2016,W,886599,797977,1684576
03/18/2016,W,875707,765919,1641626
03/25/2016,W,722960,650870,1373830
03/31/2016,W,832775,758014,1590789
03/15/2016,W,887592,769441,1657033
03/02/2016,W,878633,760062,1638695
03/03/2016,W,882188,764033,1646221
03/26/2016,A,518549,415919,934468
03/13/2016,U,332203,303129,635332
03/06/2016,U,393610,327173,720783
03/04/2016,W,883059,754750,1637809
03/05/2016,A,503983,421193,925176
03/30/2016,W,860700,750353,1611053
03/14/2016,W,870740,766595,1637335
03/07/2016,W,866171,739174,1605345
03/17/2016,W,891580,793590,1685170
03/12/2016,A,542246,605182,1147428
04/11/2016,W,878043,789042,1667085
04/10/2016,U,345627,301954,647581
04/24/2016,U,397080,343644,740724
04/08/2016,W,782419,753786,1536205
04/02/2016,A,492072,406616,898688
04/30/2016,A,474138,416588,890726
04/20/2016,W,774694,745040,1519734
04/16/2016,A,554744,505299,1060043
04/13/2016,W,850705,796616,1647321
04/18/2016,W,785035,732335,1517370
04/14/2016,W,863513,805071,1668584
04/25/2016,W,854155,751951,1606106
04/27/2016,W,856722,782591,1639313
04/06/2016,W,851050,763128,1614178
04/07/2016,W,867670,786281,1653951
04/15/2016,W,881603,806015,1687618
04/21/2016,W,768704,754746,1523450
04/05/2016,W,898889,774877,1673766
04/17/2016,U,409732,376485,786217
04/01/2016,W,848592,767974,1616566
04/26/2016,W,862743,782134,1644877
04/19/2016,W,765854,741141,1506995
04/28/2016,W,851720,821158,1672878
04/12/2016,W,886265,777658,1663923
04/03/2016,U,396042,345432,741474
04/29/2016,W,893284,815629,1708913
04/23/2016,A,503944,445282,949226
04/04/2016,W,857791,741710,1599501
04/22/2016,W,745475,721051,1466526
04/09/2016,A,509980,446082,956062
06/12/2016,U,409577,414048,823625
07/15/2016,W,769172,804635,1573807
05/14/2016,A,497514,455838,953352
05/06/2016,W,877873,814758,1692631
05/20/2016,W,834308,756160,1590468
05/24/2016,W,854725,767439,1622164
07/30/2016,A,503786,576267,1080053
05/26/2016,W,853656,775073,1628729
05/13/2016,W,852594,787476,1640070
05/27/2016,W,808244,757981,1566225
07/22/2016,W,745409,747479,1492888
06/09/2016,W,828551,789678,1618229
06/16/2016,W,832864,777260,1610124
07/05/2016,W,769179,735491,1504670
06/05/2016,U,415836,395977,811813
05/09/2016,W,815440,736551,1551991
05/21/2016,A,513934,460385,974319
07/19/2016,W,795162,797424,1592586
06/22/2016,W,707452,755165,1462617
07/16/2016,A,529240,528345,1057585
07/08/2016,W,786823,790177,1577000
06/07/2016,W,863284,795251,1658535
05/11/2016,W,873275,804156,1677431
07/10/2016,U,409685,397778,807463
06/13/2016,W,827684,760210,1587894
06/18/2016,A,526402,520856,1047258
07/29/2016,W,739138,868062,1607200
05/08/2016,U,393146,357946,751092
06/01/2016,W,872679,788650,1661329
06/24/2016,W,762562,781653,1544215
06/25/2016,A,531261,506223,1037484
07/07/2016,W,769513,774128,1543641
07/26/2016,W,786060,777948,1564008
06/23/2016,W,757817,760840,1518657
06/11/2016,A,530558,542809,1073367
05/15/2016,U,384799,360008,744807
06/30/2016,W,763112,783020,1546132
05/02/2016,W,878407,751259,1629666
06/20/2016,W,785446,762810,1548256
07/04/2016,U,393858,410925,804783
07/13/2016,W,762764,742502,1505266
05/12/2016,W,849532,775198,1624730
05/17/2016,W,839788,748287,1588075
05/31/2016,W,801439,753953,1555392
07/02/2016,A,530654,448200,978854
06/27/2016,W,753543,723488,1477031
06/19/2016,U,405719,396078,801797
06/10/2016,W,862529,853441,1715970
07/24/2016,U,370394,346616,717010
06/03/2016,W,892290,824890,1717180
07/06/2016,W,771626,788995,1560621
05/04/2016,W,879217,767760,1646977
05/01/2016,U,376131,334275,710406
06/06/2016,W,854036,762707,1616743
05/29/2016,U,409978,430982,840960
05/07/2016,A,512770,484312,997082
07/17/2016,U,372190,409174,781364
05/22/2016,U,393684,357897,751581
07/18/2016,W,774239,768719,1542958
05/25/2016,W,833427,754244,1587671
07/21/2016,W,737845,753156,1491001
05/28/2016,A,500775,532343,1033118
07/09/2016,A,536269,515738,1052007
05/18/2016,W,856701,757395,1614096
06/15/2016,W,845450,786422,1631872
07/23/2016,A,472199,457178,929377
07/20/2016,W,788803,794496,1583299
06/29/2016,W,774728,754918,1529646
07/27/2016,W,789537,831925,1621462
06/21/2016,W,834157,810149,1644306
06/14/2016,W,834141,778823,1612964
05/16/2016,W,836089,730287,1566376
06/26/2016,U,380689,453679,834368
05/30/2016,U,394914,389143,784057
07/12/2016,W,782892,749136,1532028
07/11/2016,W,769128,739158,1508286
07/25/2016,W,757860,744827,1502687
07/01/2016,W,798706,726939,1525645
06/08/2016,W,866785,791667,1658452
05/19/2016,W,855438,772464,1627902
05/10/2016,W,827322,761469,1588791
05/23/2016,W,839566,748976,1588542
06/17/2016,W,832088,818467,1650555
06/04/2016,A,504778,462308,967086
07/03/2016,U,415172,376896,792068
06/02/2016,W,873112,815928,1689040
06/28/2016,W,771611,748753,1520364
05/03/2016,W,879141,769834,1648975
07/28/2016,W,745499,867964,1613463
07/31/2016,U,400504,472314,872818
05/05/2016,W,898541,818665,1717206
07/14/2016,W,794813,775495,1570308
10/28/2016,W,894311,918735,1813046
08/01/2016,W,805970,779020,1584990
09/24/2016,A,539037,529457,1068494
09/20/2016,W,895184,826518,1721702
10/13/2016,W,896918,828891,1725809
10/07/2016,W,888731,877814,1766545
10/11/2016,W,884539,805839,1690378
10/24/2016,W,869861,779618,1649479
10/20/2016,W,880209,812195,1692404
10/26/2016,W,824006,782126,1606132
09/13/2016,W,904869,811807,1716676
09/28/2016,W,855499,787727,1643226
09/29/2016,W,870533,799130,1669663
09/06/2016,W,910863,760434,1671297
10/06/2016,W,858960,817595,1676555
10/12/2016,W,847394,785404,1632798
10/05/2016,W,915987,815309,1731296
08/24/2016,W,751955,721826,1473781
08/04/2016,W,783253,755236,1538489
09/08/2016,W,882599,797585,1680184
10/18/2016,W,901884,810090,1711974
08/19/2016,W,743211,718317,1461528
08/31/2016,W,815110,779334,1594444
08/10/2016,W,777389,765854,1543243
10/17/2016,W,890736,791317,1682053
08/16/2016,W,762943,764267,1527210
08/15/2016,W,718167,688590,1406757
08/28/2016,U,395954,343853,739807
08/06/2016,A,539382,467180,1006562
09/05/2016,U,399846,347259,747105
10/27/2016,W,892963,822190,1715153
08/09/2016,W,781438,769199,1550637
10/23/2016,U,388470,366503,754973
08/17/2016,W,759254,747942,1507196
08/26/2016,W,797432,768053,1565485
10/29/2016,A,539098,627116,1166214
09/25/2016,U,394810,380403,775213
08/05/2016,W,779186,747672,1526858
09/02/2016,W,838151,777158,1615309
10/09/2016,U,368515,528189,896704
10/16/2016,U,385574,403090,788664
08/27/2016,A,501883,451497,953380
09/10/2016,A,510845,465562,976407
10/25/2016,W,876768,801123,1677891
09/04/2016,U,427194,421479,848673
08/18/2016,W,740297,743427,1483724
10/03/2016,W,912435,775906,1688341
08/12/2016,W,700723,715035,1415758
10/10/2016,W,714940,708958,1423898
09/21/2016,W,863211,814264,1677475
09/22/2016,W,897609,814897,1712506
08/08/2016,W,759970,707087,1467057
10/15/2016,A,542187,535567,1077754
10/01/2016,A,511504,445272,956776
09/30/2016,W,889641,787112,1676753
10/21/2016,W,867704,800137,1667841
09/15/2016,W,907872,862105,1769977
08/13/2016,A,522972,488035,1011007
10/31/2016,W,860741,797545,1658286
09/17/2016,A,537329,524421,1061750
09/26/2016,W,884989,787408,1672397
10/04/2016,W,919088,799529,1718617
08/20/2016,A,480928,445798,926726
09/01/2016,W,847144,784336,1631480
08/14/2016,U,402523,380801,783324
10/30/2016,U,377290,446582,823872
09/27/2016,W,889769,795780,1685549
10/14/2016,W,892797,818230,1711027
08/29/2016,W,781400,750329,1531729
09/19/2016,W,894210,816014,1710224
09/07/2016,W,885587,785121,1670708
09/03/2016,A,542836,509314,1052150
09/16/2016,W,889307,843488,1732795
10/08/2016,A,537610,546072,1083682
09/09/2016,W,879935,784678,1664613
08/22/2016,W,764690,744165,1508855
09/18/2016,U,401077,402811,803888
08/11/2016,W,767967,775031,1542998
08/30/2016,W,791868,767220,1559088
08/07/2016,U,398288,355693,753981
10/22/2016,A,533242,566999,1100241
09/12/2016,W,886146,784139,1670285
09/23/2016,W,880748,832417,1713165
10/19/2016,W,895104,807016,1702120
08/21/2016,U,417057,396317,813374
08/25/2016,W,775862,737801,1513663
08/23/2016,W,784341,744176,1528517
09/14/2016,W,898125,812240,1710365
09/11/2016,U,397693,354732,752425
08/03/2016,W,822281,785246,1607527
08/02/2016,W,795778,779493,1575271
10/02/2016,U,391845,351589,743434
11/06/2016,U,406215,380648,786863
11/09/2016,W,865500,817596,1683096
11/08/2016,W,880506,791870,1672376
11/14/2016,W,862939,775439,1638378
11/23/2016,W,661576,624827,1286403
11/04/2016,W,798901,1146516,1945417
11/13/2016,U,369986,338339,708325
11/21/2016,W,844666,758214,1602880
11/22/2016,W,837828,756704,1594532
11/07/2016,W,887002,809878,1696880
11/19/2016,A,477472,501156,978628
11/27/2016,U,343504,302029,645533
11/17/2016,W,873693,811240,1684933
11/24/2016,U,266241,219875,486116
11/30/2016,W,852623,768149,1620772
11/12/2016,A,500583,474411,974994
11/29/2016,W,871577,771348,1642925
11/01/2016,W,931276,815318,1746594
11/05/2016,A,536579,531687,1068266
11/25/2016,W,496285,411245,907530
11/10/2016,W,842332,807250,1649582
11/03/2016,W,919828,891357,1811185
11/28/2016,W,801243,720824,1522067
11/20/2016,U,345895,315179,661074
11/11/2016,W,715260,721083,1436343
11/15/2016,W,881225,797235,1678460
11/18/2016,W,819907,792361,1612268
11/02/2016,W,866812,842885,1709697
11/26/2016,A,441384,383042,824426
11/16/2016,W,884662,801320,1685982
12/02/2016,W,882063,780569,1662632
12/04/2016,U,333825,312904,646729
12/03/2016,A,517756,456762,974518
12/19/2016,W,650356,607020,1257376
12/29/2016,W,593626,532909,1126535
12/28/2016,W,611176,537443,1148619
12/16/2016,W,744691,690845,1435536
12/01/2016,W,885401,779287,1664688
12/09/2016,W,806718,730968,1537686
12/27/2016,W,575294,490822,1066116
12/05/2016,W,841336,735184,1576520
12/11/2016,U,309743,291688,601431
12/21/2016,W,770713,665402,1436115
12/13/2016,W,785276,714038,1499314
12/22/2016,W,747188,635174,1382362
12/06/2016,W,859470,745095,1604565
12/12/2016,W,787062,702745,1489807
12/25/2016,U,199220,131542,330762
12/18/2016,U,270767,253184,523951
12/23/2016,W,676407,516584,1192991
12/24/2016,A,391140,253926,645066
12/30/2016,W,628159,524474,1152633
12/20/2016,W,758686,668762,1427448
12/10/2016,A,472855,424387,897242
12/17/2016,A,445779,394366,840145
12/15/2016,W,617119,624213,1241332
12/26/2016,U,380189,292312,672501
12/14/2016,W,734884,688959,1423843
12/08/2016,W,790418,724726,1515144
12/07/2016,W,831766,745626,1577392
12/31/2016,A,433952,361268,795220
03/07/2017,W,862784,751315,1614099
03/18/2017,A,473609,404779,878388
01/03/2017,W,690503,650650,1341153
03/28/2017,W,846658,748201,1594859
01/08/2017,U,290096,244060,534156
01/22/2017,U,331138,272268,603406
03/12/2017,U,336952,292240,629192
03/10/2017,W,816750,730837,1547587
02/20/2017,W,623736,557822,1181558
03/08/2017,W,858498,751336,1609834
01/30/2017,W,806014,715290,1521304
01/01/2017,U,277926,292472,570398
03/20/2017,W,802404,690624,1493028
01/15/2017,U,328355,280852,609207
01/13/2017,W,771359,698254,1469613
01/25/2017,W,831467,743587,1575054
02/04/2017,A,461743,370873,832616
01/20/2017,W,798511,731616,1530127
03/13/2017,W,761376,703982,1465358
02/27/2017,W,837214,720932,1558146
03/19/2017,U,371042,304418,675460
03/04/2017,A,487500,401568,889068
02/03/2017,W,782899,690415,1473314
03/14/2017,W,712423,727042,1439465
03/24/2017,W,821828,715787,1537615
03/17/2017,W,804320,732007,1536327
03/06/2017,W,823084,703811,1526895
02/12/2017,U,358101,296805,654906
01/04/2017,W,636491,639970,1276461
01/14/2017,A,429614,363554,793168
03/29/2017,W,837430,745915,1583345
01/11/2017,W,803730,714551,1518281
01/17/2017,W,829925,737976,1567901
01/21/2017,A,488902,582031,1070933
01/18/2017,W,835362,742180,1577542
02/01/2017,W,883845,750500,1634345
01/10/2017,W,773792,711194,1484986
02/14/2017,W,870130,752585,1622715
01/29/2017,U,304565,274728,579293
03/25/2017,A,414644,356083,770727
02/18/2017,A,512205,447059,959264
03/11/2017,A,459826,493451,953277
03/23/2017,W,802941,708026,1510967
03/15/2017,W,822423,748703,1571126
02/10/2017,W,832724,720483,1553207
03/22/2017,W,816876,706282,1523158
02/21/2017,W,848951,741773,1590724
03/16/2017,W,827779,758060,1585839
02/05/2017,U,351708,282731,634439
03/09/2017,W,841498,748709,1590207
01/19/2017,W,823901,743065,1566966
02/25/2017,A,449817,374595,824412
02/28/2017,W,823654,730508,1554162
01/06/2017,W,591800,600277,1192077
02/17/2017,W,841425,738941,1580366
01/31/2017,W,828074,741389,1569463
01/05/2017,W,611987,629939,1241926
02/24/2017,W,820536,723532,1544068
01/09/2017,W,781139,692776,1473915
02/16/2017,W,831398,738525,1569923
03/21/2017,W,835641,718304,1553945
03/26/2017,U,340733,292995,633728
02/08/2017,W,841278,737535,1578813
02/02/2017,W,829125,736551,1565676
02/23/2017,W,850254,751257,1601511
01/23/2017,W,817750,724078,1541828
02/13/2017,W,822007,702129,1524136
02/15/2017,W,841181,735910,1577091
01/02/2017,U,371865,314798,686663
01/07/2017,A,362508,319746,682254
02/07/2017,W,827885,734586,1562471
02/26/2017,U,350829,287405,638234
02/11/2017,A,497589,405211,902800
03/30/2017,W,756598,718864,1475462
03/02/2017,W,842926,741459,1584385
03/01/2017,W,863043,742729,1605772
02/06/2017,W,838312,713858,1552170
01/16/2017,W,486791,435039,921830
01/28/2017,A,439479,382131,821610
02/19/2017,U,383581,328391,711972
03/27/2017,W,825472,724012,1549484
03/03/2017,W,851128,729461,1580589
03/05/2017,U,364977,298189,663166
01/12/2017,W,777149,714212,1491361
03/31/2017,W,839312,737168,1576480
02/22/2017,W,873309,758299,1631608
01/27/2017,W,792183,715515,1507698
01/26/2017,W,823395,750472,1573867
01/24/2017,W,834979,742724,1577703
02/09/2017,W,815353,726872,1542225
04/04/2017,W,873844,763221,1637065
05/18/2017,W,824327,775776,1600103
04/20/2017,W,797055,758119,1555174
04/08/2017,A,508239,452426,960665
05/02/2017,W,846717,762139,1608856
05/16/2017,W,843103,768941,1612044
04/17/2017,W,809433,738426,1547859
04/03/2017,W,840610,743301,1583911
04/27/2017,W,807318,748983,1556301
05/10/2017,W,821006,736258,1557264
04/07/2017,W,765361,741568,1506929
05/08/2017,W,829268,722987,1552255
05/04/2017,W,836436,770199,1606635
05/31/2017,W,827890,745189,1573079
05/01/2017,W,847371,747837,1595208
05/03/2017,W,890581,778089,1668670
04/15/2017,A,506929,453975,960904
05/22/2017,W,817334,744257,1561591
04/02/2017,U,357643,319046,676689
05/23/2017,W,799986,753184,1553170
04/29/2017,A,405068,364346,769414
05/29/2017,U,375171,336441,711612
04/11/2017,W,736309,720080,1456389
05/17/2017,W,835226,763055,1598281
05/27/2017,A,492255,462129,954384
05/05/2017,W,840819,771492,1612311
04/19/2017,W,811178,757251,1568429
05/12/2017,W,824305,745485,1569790
05/14/2017,U,364734,313469,678203
05/15/2017,W,805190,709882,1515072
04/10/2017,W,695555,708408,1403963
04/23/2017,U,373492,330832,704324
05/26/2017,W,779960,691687,1471647
05/19/2017,W,768158,726694,1494852
05/09/2017,W,827183,738712,1565895
04/16/2017,U,339738,293545,633283
04/18/2017,W,848195,772115,1620310
05/13/2017,A,504045,427964,932009
04/09/2017,U,388435,336277,724712
04/12/2017,W,754940,757854,1512794
05/20/2017,A,441093,396705,837798
04/06/2017,W,822266,771468,1593734
04/01/2017,A,517493,433603,951096
04/14/2017,W,692506,676016,1368522
04/13/2017,W,723724,745720,1469444
05/21/2017,U,366609,350024,716633
05/24/2017,W,820511,762453,1582964
04/22/2017,A,493687,467485,961172
05/25/2017,W,829938,776776,1606714
04/05/2017,W,755345,732462,1487807
05/28/2017,U,366179,344784,710963
05/07/2017,U,370985,334930,705915
05/06/2017,A,502922,460695,963617
04/21/2017,W,819393,753932,1573325
04/30/2017,U,307608,269345,576953
04/25/2017,W,860569,761180,1621749
04/26/2017,W,838762,757859,1596621
05/30/2017,W,802596,722529,1525125
05/11/2017,W,832163,755558,1587721
04/24/2017,W,830257,736639,1566896
04/28/2017,W,830500,740579,1571079
06/04/2017,U,400326,384010,784336
06/26/2017,W,738507,722154,1460661
06/03/2017,A,523471,495282,1018753
07/11/2017,W,771348,735051,1506399
07/24/2017,W,744976,765597,1510573
07/23/2017,U,380247,372309,752556
06/25/2017,U,390267,513970,904237
06/06/2017,W,845564,787009,1632573
06/18/2017,U,390193,338474,728667
06/09/2017,W,833135,822483,1655618
06/07/2017,W,846730,793617,1640347
07/28/2017,W,754679,738168,1492847
06/27/2017,W,763875,751340,1515215
07/05/2017,W,746019,733914,1479933
07/17/2017,W,754669,741094,1495763
06/28/2017,W,722682,733693,1456375
06/29/2017,W,747180,778070,1525250
06/20/2017,W,801344,781004,1582348
06/23/2017,W,729483,747333,1476816
07/14/2017,W,748691,762728,1511419
07/30/2017,U,385002,349892,734894
06/14/2017,W,786388,742346,1528734
06/01/2017,W,860327,771134,1631461
07/27/2017,W,770692,770016,1540708
06/22/2017,W,733128,745336,1478464
07/25/2017,W,765040,772350,1537390
07/07/2017,W,749664,780389,1530053
06/12/2017,W,808630,753763,1562393
07/18/2017,W,776582,754149,1530731
06/16/2017,W,785270,739069,1524339
06/19/2017,W,755955,739609,1495564
07/06/2017,W,755516,784948,1540464
06/11/2017,U,406991,440096,847087
07/15/2017,A,511540,495618,1007158
06/15/2017,W,830091,777758,1607849
07/04/2017,U,407991,389791,797782
06/05/2017,W,838839,768461,1607300
06/10/2017,A,525084,558726,1083810
07/21/2017,W,733117,762529,1495646
06/21/2017,W,758596,776244,1534840
07/16/2017,U,371692,374578,746270
07/08/2017,A,517165,518674,1035839
07/29/2017,A,496951,462430,959381
07/12/2017,W,694204,702581,1396785
07/10/2017,W,719494,695215,1414709
06/08/2017,W,821372,805398,1626770
07/26/2017,W,769890,755604,1525494
07/31/2017,W,732690,707434,1440124
06/02/2017,W,861203,796256,1657459
07/19/2017,W,769368,750889,1520257
06/17/2017,A,486358,419764,906122
07/22/2017,A,485978,471542,957520
06/13/2017,W,817478,764155,1581633
07/01/2017,A,514092,488429,1002521
07/13/2017,W,773047,751562,1524609
06/30/2017,W,763402,760380,1523782
06/24/2017,A,504647,482168,986815
07/02/2017,U,398108,364979,763087
07/03/2017,W,669915,543712,1213627
07/20/2017,W,716096,726632,1442728
07/09/2017,U,400539,402561,803100
09/19/2017,W,861844,786075,1647919
09/06/2017,W,854979,785896,1640875
10/23/2017,W,802893,750619,1553512
10/16/2017,W,867372,776457,1643829
08/24/2017,W,749315,748046,1497361
10/09/2017,W,712539,752125,1464664
08/04/2017,W,732776,827248,1560024
09/04/2017,U,375104,326524,701628
09/09/2017,A,511569,488232,999801
08/21/2017,W,707640,675484,1383124
08/05/2017,A,503623,546783,1050406
09/12/2017,W,883298,813900,1697198
09/15/2017,W,871656,838001,1709657
09/11/2017,W,861907,767744,1629651
09/18/2017,W,866120,772443,1638563
08/08/2017,W,761850,735234,1497084
08/29/2017,W,783337,763274,1546611
08/30/2017,W,801205,779477,1580682
08/27/2017,U,358840,336109,694949
10/07/2017,A,484231,469808,954039
10/17/2017,W,882601,819635,1702236
10/22/2017,U,344543,320608,665151
10/08/2017,U,374005,539097,913102
10/25/2017,W,876000,794572,1670572
08/12/2017,A,505271,477767,983038
10/29/2017,U,355321,320982,676303
10/13/2017,W,879791,796714,1676505
08/23/2017,W,763384,719511,1482895
09/14/2017,W,874356,838725,1713081
10/27/2017,W,833348,769792,1603140
10/06/2017,W,841999,805746,1647745
10/04/2017,W,889343,798360,1687703
09/29/2017,W,898739,811721,1710460
08/06/2017,U,376669,430711,807380
10/20/2017,W,862656,796878,1659534
09/02/2017,A,512150,481961,994111
08/10/2017,W,747519,745430,1492949
09/22/2017,W,854042,781053,1635095
08/26/2017,A,487453,446049,933502
08/17/2017,W,722939,751673,1474612
08/01/2017,W,789859,773470,1563329
08/02/2017,W,771256,811636,1582892
10/19/2017,W,876423,848003,1724426
09/25/2017,W,861042,767660,1628702
10/02/2017,W,877992,767540,1645532
10/31/2017,W,843988,758455,1602443
08/14/2017,W,722238,716772,1439010
10/24/2017,W,812947,769526,1582473
10/30/2017,W,837676,753860,1591536
10/12/2017,W,870996,810442,1681438
10/14/2017,A,376288,368266,744554
08/03/2017,W,763271,834427,1597698
09/24/2017,U,378420,351102,729522
09/05/2017,W,893214,763159,1656373
10/10/2017,W,874192,822023,1696215
09/23/2017,A,499368,464903,964271
08/15/2017,W,774523,700422,1474945
08/22/2017,W,741370,697126,1438496
10/28/2017,A,472503,422323,894826
08/20/2017,U,395932,381042,776974
10/26/2017,W,872176,805362,1677538
08/11/2017,W,746418,756699,1503117
09/20/2017,W,887017,795055,1682072
08/16/2017,W,739357,734845,1474202
08/18/2017,W,741688,751342,1493030
08/31/2017,W,791635,785637,1577272
10/05/2017,W,889166,816694,1705860
08/09/2017,W,759657,732813,1492470
09/30/2017,A,524516,482974,1007490
10/01/2017,U,389470,361156,750626
08/07/2017,W,733495,704247,1437742
09/03/2017,U,417707,410951,828658
09/26/2017,W,877350,791462,1668812
09/07/2017,W,867162,801972,1669134
10/18/2017,W,888806,831089,1719895
08/19/2017,A,510200,488523,998723
09/27/2017,W,882592,796822,1679414
09/21/2017,W,859255,788217,1647472
09/17/2017,U,386719,379480,766199
10/21/2017,A,520339,481334,1001673
08/13/2017,U,384338,351048,735386
10/15/2017,U,362392,335609,698001
09/10/2017,U,383625,375160,758785
09/16/2017,A,517447,521275,1038722
08/25/2017,W,749192,741123,1490315
09/13/2017,W,876445,813293,1689738
10/03/2017,W,921022,794082,1715104
08/28/2017,W,761796,740387,1502183
09/08/2017,W,849319,809597,1658916
09/28/2017,W,881438,809624,1691062
10/11/2017,W,850229,817909,1668138
11/02/2017,W,864434,794788,1659222
11/17/2017,W,836442,779012,1615454
11/12/2017,U,341066,303087,644153
11/29/2017,W,850702,761131,1611833
11/15/2017,W,826138,770507,1596645
11/04/2017,A,450968,393884,844852
11/08/2017,W,875619,796870,1672489
11/14/2017,W,862352,781533,1643885
11/19/2017,U,359562,330196,689758
11/25/2017,A,425522,369396,794918
11/24/2017,W,503847,415069,918916
11/21/2017,W,825182,745801,1570983
11/28/2017,W,847910,753208,1601118
11/10/2017,W,741017,721331,1462348
11/05/2017,U,359176,312232,671408
11/01/2017,W,881053,780670,1661723
11/22/2017,W,677643,620904,1298547
11/03/2017,W,815500,755771,1571271
11/18/2017,A,426814,429256,856070
11/30/2017,W,850783,772769,1623552
11/13/2017,W,846572,758107,1604679
11/06/2017,W,866671,772803,1639474
11/27/2017,W,839274,726945,1566219
11/20/2017,W,840370,747181,1587551
11/16/2017,W,831869,773696,1605565
11/09/2017,W,860819,800535,1661354
11/07/2017,W,871211,785554,1656765
11/26/2017,U,336930,290753,627683
11/23/2017,U,263654,208426,472080
11/11/2017,A,461927,427100,889027
12/09/2017,A,439827,405822,845649
12/07/2017,W,794129,741934,1536063
12/26/2017,W,398823,327742,726565
12/29/2017,W,552051,466865,1018916
12/20/2017,W,798144,683898,1482042
12/13/2017,W,800995,715178,1516173
12/31/2017,U,274143,235949,510092
12/03/2017,U,378519,338558,717077
12/10/2017,U,336156,295505,631661
12/05/2017,W,822703,737397,1560100
12/17/2017,U,351260,296372,647632
12/06/2017,W,829498,742215,1571713
12/16/2017,A,484468,419897,904365
12/08/2017,W,805911,739840,1545751
12/21/2017,W,769444,659956,1429400
12/04/2017,W,855387,739950,1595337
12/19/2017,W,812618,697684,1510302
12/24/2017,U,275937,205801,481738
12/30/2017,A,335207,276381,611588
12/27/2017,W,466856,416016,882872
12/02/2017,A,511676,461699,973375
12/15/2017,W,780679,700482,1481161
12/25/2017,U,164256,118654,282910
12/22/2017,W,727262,586190,1313452
12/11/2017,W,807879,706163,1514042
12/14/2017,W,790977,722667,1513644
12/18/2017,W,784151,675289,1459440
12/12/2017,W,783312,709949,1493261
12/01/2017,W,890982,785058,1676040
12/28/2017,W,509850,456611,966461
12/23/2017,A,438917,324065,762982
03/01/2018,W,807973,724095,1532068
02/04/2018,U,279353,232906,512259
03/19/2018,W,807848,709194,1517042
03/31/2018,A,428294,349132,777426
01/01/2018,U,199845,195520,395365
03/20/2018,W,808168,710058,1518226
03/11/2018,U,339755,286948,626703
02/20/2018,W,786356,718493,1504849
02/21/2018,W,831241,740388,1571629
01/02/2018,W,507648,514174,1021822
01/10/2018,W,783008,695123,1478131
03/08/2018,W,813217,734447,1547664
02/03/2018,A,435554,344309,779863
01/09/2018,W,780104,684704,1464808
01/31/2018,W,815252,729419,1544671
03/13/2018,W,808848,731938,1540786
01/03/2018,W,598578,587740,1186318
01/17/2018,W,787021,713680,1500701
02/06/2018,W,783522,708071,1491593
02/13/2018,W,832686,743502,1576188
03/16/2018,W,808945,738857,1547802
03/10/2018,A,471143,394014,865157
01/19/2018,W,784287,701290,1485577
03/28/2018,W,719691,695373,1415064
02/08/2018,W,782384,727764,1510148
01/20/2018,A,438286,449322,887608
03/18/2018,U,361391,320742,682133
01/06/2018,A,372807,292077,664884
01/22/2018,W,781955,711848,1493803
02/14/2018,W,846174,756475,1602649
03/29/2018,W,692129,686014,1378143
03/24/2018,A,424609,389468,814077
03/27/2018,W,688138,684664,1372802
03/12/2018,W,798061,715220,1513281
03/07/2018,W,829608,731992,1561600
02/11/2018,U,294675,260148,554823
02/24/2018,A,461537,387230,848767
03/02/2018,W,838965,719445,1558410
03/30/2018,W,672341,608535,1280876
03/17/2018,A,471682,607823,1079505
02/27/2018,W,846696,743269,1589965
01/14/2018,U,291206,245376,536582
02/09/2018,W,480347,490054,970401
02/26/2018,W,825842,718649,1544491
02/17/2018,A,438472,383764,822236
01/15/2018,W,463868,419604,883472
02/28/2018,W,837820,736868,1574688
03/09/2018,W,806152,712092,1518244
01/12/2018,W,730031,643915,1373946
01/27/2018,A,455974,384419,840393
03/06/2018,W,818087,723274,1541361
01/04/2018,W,594414,591081,1185495
01/26/2018,W,806770,722671,1529441
02/25/2018,U,347690,292093,639783
02/15/2018,W,819948,746521,1566469
01/13/2018,A,392644,323263,715907
03/05/2018,W,793241,686228,1479469
03/04/2018,U,360783,288394,649177
02/22/2018,W,833819,743449,1577268
02/12/2018,W,771383,692183,1463566
03/22/2018,W,807829,722634,1530463
01/25/2018,W,813348,743858,1557206
01/11/2018,W,774197,695496,1469693
03/15/2018,W,829652,754110,1583762
02/19/2018,W,569983,523621,1093604
01/24/2018,W,808026,732420,1540446
03/26/2018,W,685230,660176,1345406
03/14/2018,W,834401,747391,1581792
02/23/2018,W,820477,720769,1541246
03/03/2018,A,489631,400158,889789
01/08/2018,W,755777,664263,1420040
03/21/2018,W,815911,715243,1531154
01/07/2018,U,284438,226604,511042
01/16/2018,W,779194,710906,1490100
02/10/2018,A,399759,351548,751307
03/23/2018,W,789868,699928,1489796
01/28/2018,U,320779,268995,589774
02/16/2018,W,803410,725091,1528501
01/30/2018,W,801986,723334,1525320
02/01/2018,W,824632,724399,1549031
02/02/2018,W,706351,657689,1364040
02/05/2018,W,734272,675368,1409640
02/07/2018,W,790600,714000,1504600
01/18/2018,W,788150,720369,1508519
01/23/2018,W,795146,733662,1528808
01/05/2018,W,597163,572525,1169688
01/21/2018,U,316648,259818,576466
02/18/2018,U,345438,299983,645421
03/25/2018,U,331496,306710,638206
01/29/2018,W,774310,699889,1474199
04/24/2018,W,826998,743776,1570774
06/22/2018,W,669210,689577,1358787
06/30/2018,A,473766,468103,941869
04/26/2018,W,837802,777534,1615336
04/09/2018,W,773663,708735,1482398
06/10/2018,U,332042,339387,671429
05/11/2018,W,788585,744337,1532922
05/26/2018,A,474011,472471,946482
04/27/2018,W,812960,752386,1565346
04/19/2018,W,774579,749646,1524225
05/30/2018,W,793348,716886,1510234
04/13/2018,W,729175,716600,1445775
05/02/2018,W,834718,752143,1586861
05/06/2018,U,359516,315030,674546
06/17/2018,U,351730,324959,676689
05/22/2018,W,819740,762899,1582639
06/20/2018,W,741682,763084,1504766
04/14/2018,A,417189,374923,792112
04/02/2018,W,782016,688114,1470130
06/02/2018,A,496149,437154,933303
06/29/2018,W,748648,755938,1504586
05/18/2018,W,784606,717590,1502196
06/11/2018,W,781557,724255,1505812
04/10/2018,W,798350,748682,1547032
04/22/2018,U,348195,294515,642710
04/01/2018,U,305848,238356,544204
05/09/2018,W,803570,756378,1559948
05/21/2018,W,709633,669968,1379601
05/10/2018,W,838748,762718,1601466
05/12/2018,A,440554,392468,833022
05/28/2018,U,364119,325534,689653
04/08/2018,U,335409,283411,618820
04/29/2018,U,354456,327855,682311
06/15/2018,W,775628,735211,1510839
04/15/2018,U,300857,258277,559134
05/08/2018,W,841014,781451,1622465
05/31/2018,W,819988,753062,1573050
06/21/2018,W,628563,683599,1312162
06/26/2018,W,714896,717661,1432557
04/25/2018,W,838143,748866,1587009
05/29/2018,W,797433,716137,1513570
05/19/2018,A,461266,408091,869357
06/16/2018,A,472932,441274,914206
06/18/2018,W,742447,722983,1465430
06/23/2018,A,487366,452638,940004
04/23/2018,W,810268,712596,1522864
04/17/2018,W,830925,759128,1590053
05/05/2018,A,506199,443358,949557
05/04/2018,W,830802,736342,1567144
06/14/2018,W,795923,754502,1550425
06/13/2018,W,783799,759987,1543786
06/06/2018,W,820198,778486,1598684
06/07/2018,W,821694,798516,1620210
04/04/2018,W,823619,738079,1561698
06/12/2018,W,807427,750111,1557538
06/08/2018,W,779201,766692,1545893
04/16/2018,W,773294,704714,1478008
04/12/2018,W,836193,775422,1611615
04/06/2018,W,792532,721169,1513701
05/15/2018,W,809607,728488,1538095
04/05/2018,W,817204,753661,1570865
06/24/2018,U,382787,515034,897821
04/21/2018,A,455577,392721,848298
06/04/2018,W,820746,726476,1547222
06/28/2018,W,751395,758891,1510286
05/07/2018,W,821267,742969,1564236
04/03/2018,W,816056,720417,1536473
06/03/2018,U,383320,342776,726096
05/24/2018,W,813320,757935,1571255
05/16/2018,W,824209,733303,1557512
05/27/2018,U,382202,375810,758012
05/14/2018,W,742924,686671,1429595
05/01/2018,W,876677,777780,1654457
05/17/2018,W,807735,743467,1551202
04/18/2018,W,783296,728207,1511503
06/01/2018,W,851045,773824,1624869
04/30/2018,W,817980,746550,1564530
05/20/2018,U,321817,288853,610670
05/23/2018,W,827983,774273,1602256
04/07/2018,A,466492,404650,871142
06/25/2018,W,730834,709948,1440782
05/25/2018,W,797393,730669,1528062
06/27/2018,W,734332,744015,1478347
06/05/2018,W,826465,778366,1604831
05/03/2018,W,840135,744199,1584334
04/11/2018,W,849255,770269,1619524
04/28/2018,A,480130,426851,906981
06/09/2018,A,464236,475218,939454
06/19/2018,W,779092,768531,1547623
05/13/2018,U,335726,306051,641777
04/20/2018,W,812450,735681,1548131
07/01/2018,U,353385,329670,683055
07/02/2018,W,734869,678249,1413118
07/03/2018,W,771705,716848,1488553
07/04/2018,U,384885,366963,751848
07/05/2018,W,652746,615715,1268461
07/06/2018,W,720068,699130,1419198
07/07/2018,A,485369,439367,924736
07/08/2018,U,376335,346489,722824
07/09/2018,W,742452,704612,1447064
07/10/2018,W,766160,742163,1508323
07/11/2018,W,772083,765257,1537340
07/12/2018,W,755211,766466,1521677
07/13/2018,W,753196,784018,1537214
07/14/2018,A,471688,455259,926947
07/15/2018,U,380142,378006,758148
07/16/2018,W,731999,700335,1432334
07/17/2018,W,768143,739651,1507794
07/18/2018,W,770336,745511,1515847
07/19/2018,W,765291,780813,1546104
07/20/2018,W,721413,762815,1484228
07/21/2018,A,469280,483657,952937
07/22/2018,U,339813,357484,697297
07/23/2018,W,742296,746950,1489246
07/24/2018,W,766503,775343,1541846
07/25/2018,W,763505,768014,1531519
07/26/2018,W,758033,781151,1539184
07/27/2018,W,729506,741794,1471300
07/28/2018,A,484064,453186,937250
07/29/2018,U,374591,354824,729415
07/30/2018,W,718899,721661,1440560
07/31/2018,W,733107,729861,1462968
08/01/2018,W,778530,757280,1535810
08/02/2018,W,743458,861954,1605412
08/03/2018,W,765341,831628,1596969
08/04/2018,A,480664,521622,1002286
08/05/2018,U,368543,423810,792353
08/06/2018,W,688147,687412,1375559
08/07/2018,W,710000,702495,1412495
08/08/2018,W,737497,726837,1464334
08/09/2018,W,725134,727089,1452223
08/10/2018,W,728844,757214,1486058
08/11/2018,A,498035,485775,983810
08/12/2018,U,372421,371962,744383
08/13/2018,W,705028,681926,1386954
08/14/2018,W,722447,739143,1461590
08/15/2018,W,710743,720004,1430747
08/16/2018,W,720279,712077,1432356
08/17/2018,W,702584,697625,1400209
08/18/2018,A,493509,469340,962849
08/19/2018,U,380140,357318,737458
08/20/2018,W,668029,672736,1340765
08/21/2018,W,714668,705759,1420427
08/22/2018,W,747818,711067,1458885
08/23/2018,W,751380,748147,1499527
08/24/2018,W,692290,698828,1391118
08/25/2018,A,472537,437488,910025
08/26/2018,U,358918,344736,703654
08/27/2018,W,751100,740835,1491935
08/28/2018,W,751236,764285,1515521
08/29/2018,W,752668,767691,1520359
08/30/2018,W,776906,780357,1557263
08/31/2018,W,773345,726643,1499988
09/01/2018,A,457556,415563,873119
09/02/2018,U,393446,368715,762161
09/03/2018,U,330488,293772,624260
09/04/2018,W,864262,756397,1620659
09/05/2018,W,854763,785143,1639906
09/06/2018,W,819596,786139,1605735
09/07/2018,W,814560,796057,1610617
09/08/2018,A,486855,460892,947747
09/09/2018,U,361946,329445,691391
09/10/2018,W,844530,792245,1636775
09/11/2018,W,861007,818737,1679744
09/12/2018,W,865443,835997,1701440
09/13/2018,W,851071,821484,1672555
09/14/2018,W,841332,833730,1675062
09/15/2018,A,498240,505429,1003669
09/16/2018,U,375988,375547,751535
09/17/2018,W,839178,794968,1634146
09/18/2018,W,846003,796654,1642657
09/19/2018,W,844257,786851,1631108
09/20/2018,W,840571,812664,1653235
09/21/2018,W,829287,806274,1635561
09/22/2018,A,497023,464531,961554
09/23/2018,U,373382,331323,704705
09/24/2018,W,829917,806181,1636098
09/25/2018,W,843206,813982,1657188
09/26/2018,W,868419,838474,1706893
09/27/2018,W,858664,847133,1705797
09/28/2018,W,824823,816264,1641087
09/29/2018,A,492591,500479,993070
09/30/2018,U,365436,362732,728168
10/01/2018,W,878697,808415,1687112
10/02/2018,W,870588,824655,1695243
10/03/2018,W,910415,829500,1739915
10/04/2018,W,875646,845234,1720880
10/05/2018,W,798129,781321,1579450
10/06/2018,A,471199,466775,937974
10/07/2018,U,325617,510071,835688
10/08/2018,W,700116,719617,1419733
10/09/2018,W,882871,813161,1696032
10/10/2018,W,831398,794576,1625974
10/11/2018,W,860410,817569,1677979
10/12/2018,W,824598,776261,1600859
10/13/2018,A,494592,466427,961019
10/14/2018,U,362011,332403,694414
10/15/2018,W,836275,778324,1614599
10/16/2018,W,856815,802082,1658897
10/17/2018,W,866716,807188,1673904
10/18/2018,W,858568,814542,1673110
10/19/2018,W,814805,774539,1589344
10/20/2018,A,464296,439297,903593
10/21/2018,U,353981,332004,685985
10/22/2018,W,841090,769144,1610234
10/23/2018,W,858222,793605,1651827
10/24/2018,W,855770,795929,1651699
10/25/2018,W,846179,802796,1648975
10/26/2018,W,842904,777822,1620726
10/27/2018,A,492859,435508,928367
10/28/2018,U,334541,315184,649725
10/29/2018,W,835732,766123,1601855
10/30/2018,W,851167,785017,1636184
10/31/2018,W,840619,776366,1616985
11/01/2018,W,866316,798312,1664628
11/02/2018,W,785859,754310,1540169
11/03/2018,A,513626,428523,942149
11/04/2018,U,322036,291311,613347
11/05/2018,W,853379,770186,1623565
11/06/2018,W,836999,764653,1601652
11/07/2018,W,841086,783160,1624246
11/08/2018,W,841232,797333,1638565
11/09/2018,W,796310,751427,1547737
11/10/2018,A,465852,385710,851562
11/11/2018,U,344050,304712,648762
11/12/2018,W,652992,652215,1305207
11/13/2018,W,824479,769160,1593639
11/14/2018,W,820013,766177,1586190
11/15/2018,W,768946,764868,1533814
11/16/2018,W,816628,783218,1599846
11/17/2018,A,437661,453688,891349
11/18/2018,U,339408,316014,655422
11/19/2018,W,803920,740162,1544082
11/20/2018,W,807383,741467,1548850
11/21/2018,W,649866,605419,1255285
11/22/2018,U,244365,196549,440914
11/23/2018,W,473453,393241,866694
11/24/2018,A,407870,347967,755837
11/25/2018,U,285466,246992,532458
11/26/2018,W,681371,647084,1328455
11/27/2018,W,788682,742355,1531037
11/28/2018,W,804497,749760,1554257
11/29/2018,W,809744,764611,1574355
11/30/2018,W,840494,760471,1600965
12/01/2018,A,428105,359088,787193
12/02/2018,U,339157,285153,624310
12/03/2018,W,831431,731079,1562510
12/04/2018,W,835143,745696,1580839
12/05/2018,W,816399,736966,1553365
12/06/2018,W,820745,757102,1577847
12/07/2018,W,785144,731440,1516584
12/08/2018,A,456911,399714,856625
12/09/2018,U,346457,291673,638130
12/10/2018,W,794682,706501,1501183
12/11/2018,W,817284,731059,1548343
12/12/2018,W,809305,727070,1536375
12/13/2018,W,804783,738003,1542786
12/14/2018,W,789944,724198,1514142
12/15/2018,A,481485,425132,906617
12/16/2018,U,353013,309297,662310
12/17/2018,W,791252,668008,1459260
12/18/2018,W,794636,701867,1496503
12/19/2018,W,799278,700814,1500092
12/20/2018,W,762587,682043,1444630
12/21/2018,W,727571,633479,1361050
12/22/2018,A,442692,339426,782118
12/23/2018,U,330462,260130,590592
12/24/2018,W,422369,279324,701693
12/25/2018,U,188696,127994,316690
12/26/2018,W,515030,411993,927023
12/27/2018,W,509948,453029,962977
12/28/2018,W,577497,493961,1071458
12/29/2018,A,394088,307105,701193
12/30/2018,U,314550,265310,579860
12/31/2018,W,463165,386058,849223
01/01/2019,U,248879,245852,494731
01/02/2019,W,591006,573542,1164548
01/03/2019,W,664442,627781,1292223
01/04/2019,W,668812,628514,1297326
01/05/2019,A,444434,348257,792691
01/06/2019,U,318623,260556,579179
01/07/2019,W,723023,662470,1385493
01/08/2019,W,784085,701693,1485778
01/09/2019,W,747949,685444,1433393
01/10/2019,W,747850,690162,1438012
01/11/2019,W,763718,679115,1442833
01/12/2019,A,382464,325219,707683
01/13/2019,U,301855,250222,552077
01/14/2019,W,756590,705571,1462161
01/15/2019,W,783113,720095,1503208
01/16/2019,W,800537,728048,1528585
01/17/2019,W,800348,734929,1535277
01/18/2019,W,776640,700006,1476646
01/19/2019,A,337080,312424,649504
01/20/2019,U,271961,236744,508705
01/21/2019,W,445534,401503,847037
01/22/2019,W,757962,712125,1470087
01/23/2019,W,764136,718899,1483035
01/24/2019,W,745872,711300,1457172
01/25/2019,W,568100,590674,1158774
01/26/2019,A,343625,296063,639688
01/27/2019,U,258884,221081,479965
01/28/2019,W,668192,678810,1347002
01/29/2019,W,581664,579917,1161581
01/30/2019,W,124154,97917,222071
01/31/2019,W,282336,243912,526248
02/01/2019,W,683059,648091,1331150
02/02/2019,A,435441,345650,781091
02/03/2019,U,322488,250724,573212
02/04/2019,W,808055,718764,1526819
02/05/2019,W,808858,734181,1543039
02/06/2019,W,799164,727769,1526933
02/07/2019,W,789342,732351,1521693
02/08/2019,W,710682,655823,1366505
02/09/2019,A,423681,338847,762528
02/10/2019,U,296809,251192,548001
02/11/2019,W,779386,704667,1484053
02/12/2019,W,741083,698387,1439470
02/13/2019,W,795205,728764,1523969
02/14/2019,W,824482,746611,1571093
02/15/2019,W,754152,687932,1442084
02/16/2019,A,438454,362613,801067
02/17/2019,U,296482,256817,553299
02/18/2019,W,555501,519409,1074910
02/19/2019,W,812492,725195,1537687
02/20/2019,W,779660,717172,1496832
02/21/2019,W,813056,727504,1540560
02/22/2019,W,798311,702988,1501299
02/23/2019,A,406839,328179,735018
02/24/2019,U,288368,240478,528846
02/25/2019,W,762857,680844,1443701
02/26/2019,W,773049,699462,1472511
02/27/2019,W,797800,711827,1509627
02/28/2019,W,783920,714700,1498620
03/01/2019,W,812238,682969,1495207
03/02/2019,A,454119,349392,803511
03/03/2019,U,313539,252150,565689
03/04/2019,W,699086,635353,1334439
03/05/2019,W,761781,692945,1454726
03/06/2019,W,790908,708876,1499784
03/07/2019,W,790299,711428,1501727
03/08/2019,W,781577,684186,1465763
03/09/2019,A,409779,326686,736465
03/10/2019,U,310427,250702,561129
03/11/2019,W,784354,697758,1482112
03/12/2019,W,816229,729476,1545705
03/13/2019,W,785256,727150,1512406
03/14/2019,W,777417,726502,1503919
03/15/2019,W,769660,716230,1485890
03/16/2019,A,468181,570703,1038884
03/17/2019,U,337661,301294,638955
03/18/2019,W,786322,711535,1497857
03/19/2019,W,812217,727732,1539949
03/20/2019,W,782960,712714,1495674
03/21/2019,W,795501,719946,1515447
03/22/2019,W,784281,695716,1479997
03/23/2019,A,472376,386972,859348
03/24/2019,U,312958,279989,592947
03/25/2019,W,761448,666862,1428310
03/26/2019,W,794453,688849,1483302
03/27/2019,W,802407,693509,1495916
03/28/2019,W,782670,692421,1475091
03/29/2019,W,764086,667916,1432002
03/30/2019,A,428233,346980,775213
03/31/2019,U,324724,264228,588952
04/01/2019,W,825150,707874,1533024
04/02/2019,W,815370,727263,1542633
04/03/2019,W,846418,744443,1590861
04/04/2019,W,791393,735719,1527112
04/05/2019,W,754962,710414,1465376
04/06/2019,A,487323,414140,901463
04/07/2019,U,331229,276992,608221
04/08/2019,W,823032,754465,1577497
04/09/2019,W,791556,747311,1538867
04/10/2019,W,760548,731858,1492406
04/11/2019,W,771911,746596,1518507
04/12/2019,W,795077,731825,1526902
04/13/2019,A,473087,417501,890588
04/14/2019,U,240601,215007,455608
04/15/2019,W,694149,679904,1374053
04/16/2019,W,725056,709023,1434079
04/17/2019,W,710771,699083,1409854
04/18/2019,W,654819,675919,1330738
04/19/2019,W,643329,619953,1263282
04/20/2019,A,462233,372841,835074
04/21/2019,U,330270,276935,607205
04/22/2019,W,767623,692515,1460138
04/23/2019,W,806358,747351,1553709
04/24/2019,W,813407,759394,1572801
04/25/2019,W,820219,770006,1590225
04/26/2019,W,806103,731398,1537501
04/27/2019,A,369056,319488,688544
04/28/2019,U,338518,289270,627788
04/29/2019,W,729815,673476,1403291
04/30/2019,W,757497,707685,1465182
05/01/2019,W,841583,729104,1570687
05/02/2019,W,787163,728705,1515868
05/03/2019,W,834369,750517,1584886
05/04/2019,A,495436,437434,932870
05/05/2019,U,402463,338727,741190
05/06/2019,W,803622,724230,1527852
05/07/2019,W,805130,738981,1544111
05/08/2019,W,822516,755171,1577687
05/09/2019,W,810976,751965,1562941
05/10/2019,W,816268,749306,1565574
05/11/2019,A,456362,407442,863804
05/12/2019,U,336476,298999,635475
05/13/2019,W,783657,704326,1487983
05/14/2019,W,808863,722423,1531286
05/15/2019,W,810290,724761,1535051
05/16/2019,W,768250,714282,1482532
05/17/2019,W,758399,691390,1449789
05/18/2019,A,448115,388373,836488
05/19/2019,U,332006,295929,627935
05/20/2019,W,781061,721397,1502458
05/21/2019,W,777647,723782,1501429
05/22/2019,W,811376,756639,1568015
05/23/2019,W,801697,766717,1568414
05/24/2019,W,749827,681443,1431270
05/25/2019,A,483109,426932,910041
05/26/2019,U,349368,335435,684803
05/27/2019,U,298987,256757,555744
05/28/2019,W,769069,694292,1463361
05/29/2019,W,791059,717681,1508740
05/30/2019,W,792091,735508,1527599
05/31/2019,W,817633,738322,1555955
06/01/2019,A,473204,379044,852248
06/02/2019,U,370049,319334,689383
06/03/2019,W,814607,731571,1546178
06/04/2019,W,797511,749759,1547270
06/05/2019,W,817943,764911,1582854
06/06/2019,W,819351,773638,1592989
06/07/2019,W,797917,760907,1558824
06/08/2019,A,517706,469189,986895
06/09/2019,U,372952,329388,702340
06/10/2019,W,787528,717811,1505339
06/11/2019,W,812806,748133,1560939
06/12/2019,W,768907,722333,1491240
06/13/2019,W,784003,758006,1542009
06/14/2019,W,786956,769162,1556118
06/15/2019,A,447116,419997,867113
06/16/2019,U,347416,319752,667168
06/17/2019,W,739714,684609,1424323
06/18/2019,W,783381,747919,1531300
06/19/2019,W,762852,735207,1498059
06/20/2019,W,754094,755009,1509103
06/21/2019,W,741691,748258,1489949
06/22/2019,A,485555,468890,954445
06/23/2019,U,372216,314345,686561
06/24/2019,W,713826,694599,1408425
06/25/2019,W,790945,756023,1546968
06/26/2019,W,778502,758880,1537382
06/27/2019,W,763256,757999,1521255
06/28/2019,W,742317,717591,1459908
06/29/2019,A,507082,438017,945099
06/30/2019,U,342891,473462,816353
07/01/2019,W,751938,691817,1443755
07/02/2019,W,732483,698347,1430830
07/03/2019,W,761825,694945,1456770
07/04/2019,U,386135,354474,740609
07/05/2019,W,593204,492198,1085402
07/06/2019,A,464539,390851,855390
07/07/2019,U,365003,328344,693347
07/08/2019,W,738529,696647,1435176
07/09/2019,W,760765,733255,1494020
07/10/2019,W,750223,735504,1485727
07/11/2019,W,761712,767177,1528889
07/12/2019,W,738700,777202,1515902
07/13/2019,A,496000,471671,967671
07/14/2019,U,386786,362994,749780
07/15/2019,W,733408,723684,1457092
07/16/2019,W,736299,746731,1483030
07/17/2019,W,751727,751160,1502887
07/18/2019,W,681127,699545,1380672
07/19/2019,W,700392,721558,1421950
07/20/2019,A,466646,419897,886543
07/21/2019,U,360488,342739,703227
07/22/2019,W,733191,716299,1449490
07/23/2019,W,754783,731712,1486495
07/24/2019,W,754694,737880,1492574
07/25/2019,W,746240,746890,1493130
07/26/2019,W,728460,713766,1442226
07/27/2019,A,509542,417935,927477
07/28/2019,U,399059,314226,713285
07/29/2019,W,677033,663313,1340346
07/30/2019,W,744356,721545,1465901
07/31/2019,W,738630,739592,1478222
08/01/2019,W,763703,795333,1559036
08/02/2019,W,740366,804952,1545318
08/03/2019,A,497883,512548,1010431
08/04/2019,U,375863,416740,792603
08/05/2019,W,727517,724021,1451538
08/06/2019,W,737702,738151,1475853
08/07/2019,W,745371,746207,1491578
08/08/2019,W,746213,735310,1481523
08/09/2019,W,720081,716084,1436165
08/10/2019,A,490001,428555,918556
08/11/2019,U,376464,321310,697774
08/12/2019,W,672626,659442,1332068
08/13/2019,W,715539,697693,1413232
08/14/2019,W,708180,698339,1406519
08/15/2019,W,723069,703513,1426582
08/16/2019,W,699501,675393,1374894
08/17/2019,A,456968,396155,853123
08/18/2019,U,330848,289890,620738
08/19/2019,W,697759,669727,1367486
08/20/2019,W,670195,689224,1359419
08/21/2019,W,732929,724089,1457018
08/22/2019,W,739175,741995,1481170
08/23/2019,W,720876,723775,1444651
08/24/2019,A,499355,424284,923639
08/25/2019,U,395847,327749,723596
08/26/2019,W,693566,678343,1371909
08/27/2019,W,776670,740341,1517011
08/28/2019,W,772893,736506,1509399
08/29/2019,W,769645,747141,1516786
08/30/2019,W,761440,717490,1478930
08/31/2019,A,482463,428658,911121
01/01/2020,U,267300,255759,523059
01/02/2020,W,651421,565139,1216560
01/03/2020,W,688165,578202,1266367
01/04/2020,A,409243,306656,715899
01/05/2020,U,314424,234155,548579
01/06/2020,W,750349,659521,1409870
01/07/2020,W,775765,677497,1453262
01/08/2020,W,744261,665227,1409488
01/09/2020,W,758063,679244,1437307
01/10/2020,W,753866,654344,1408210
01/11/2020,A,345787,281493,627280
01/12/2020,U,294457,237736,532193
01/13/2020,W,775861,699927,1475788
01/14/2020,W,807239,720277,1527516
01/15/2020,W,794821,720057,1514878
01/16/2020,W,774375,715978,1490353
01/17/2020,W,737073,687789,1424862
01/18/2020,A,371460,319878,691338
01/19/2020,U,256029,219005,475034
01/20/2020,W,477995,410324,888319
01/21/2020,W,789718,712386,1502104
01/22/2020,W,794213,715399,1509612
01/23/2020,W,768601,717469,1486070
01/24/2020,W,745526,677320,1422846
01/25/2020,A,408051,320905,728956
01/26/2020,U,318824,241153,559977
01/27/2020,W,790014,697371,1487385
01/28/2020,W,802484,715500,1517984
01/29/2020,W,793740,711177,1504917
01/30/2020,W,787640,718793,1506433
01/31/2020,W,735622,665472,1401094
02/01/2020,A,449112,325925,775037
02/02/2020,U,352056,253149,605205
02/03/2020,W,816538,689308,1505846
02/04/2020,W,806946,710072,1517018
02/05/2020,W,802795,707772,1510567
02/06/2020,W,761859,701795,1463654
02/07/2020,W,778480,676805,1455285
02/08/2020,A,456540,325289,781829
02/09/2020,U,310705,223411,534116
02/10/2020,W,799851,694168,1494019
02/11/2020,W,819275,717350,1536625
02/12/2020,W,785838,697300,1483138
02/13/2020,W,746798,689019,1435817
02/14/2020,W,674960,628729,1303689
02/15/2020,A,408435,326795,735230
02/16/2020,U,338343,267790,606133
02/17/2020,W,567523,502927,1070450
02/18/2020,W,815098,711305,1526403
02/19/2020,W,804097,707598,1511695
02/20/2020,W,778698,700575,1479273
02/21/2020,W,782853,675973,1458826
02/22/2020,A,463771,344117,807888
02/23/2020,U,357784,260505,618289
02/24/2020,W,789498,682036,1471534
02/25/2020,W,781725,693749,1475474
02/26/2020,W,756936,682501,1439437
02/27/2020,W,778992,698886,1477878
02/28/2020,W,786008,665937,1451945
02/29/2020,A,458601,337983,796584
03/01/2020,U,357257,267438,624695
03/02/2020,W,785700,666046,1451746
03/03/2020,W,834640,701777,1536417
03/04/2020,W,815420,699192,1514612
03/05/2020,W,803260,698732,1501992
03/06/2020,W,767084,655010,1422094
03/07/2020,A,455672,366530,822202
03/08/2020,U,343291,269577,612868
03/09/2020,W,736013,647602,1383615
03/10/2020,W,787025,678996,1466021
03/11/2020,W,767610,660739,1428349
03/12/2020,W,737628,601682,1339310
03/13/2020,W,674594,496474,1171068
09/01/2019,U,379610,357032,736642
09/02/2019,U,374967,328376,703343
09/03/2019,W,821674,738399,1560073
09/04/2019,W,861286,762868,1624154
09/05/2019,W,853186,800432,1653618
09/06/2019,W,821645,744323,1565968
09/07/2019,A,486423,420502,906925
09/08/2019,U,344385,310823,655208
09/09/2019,W,829266,737160,1566426
09/10/2019,W,856513,769458,1625971
09/11/2019,W,848169,777407,1625576
09/12/2019,W,845028,795224,1640252
09/13/2019,W,822197,800812,1623009
09/14/2019,A,498571,487396,985967
09/15/2019,U,353264,352467,705731
09/16/2019,W,825739,777685,1603424
09/17/2019,W,856186,797063,1653249
09/18/2019,W,859904,807081,1666985
09/19/2019,W,845624,816086,1661710
09/20/2019,W,830757,803291,1634048
09/21/2019,A,489155,440464,929619
09/22/2019,U,338418,299658,638076
09/23/2019,W,832762,766712,1599474
09/24/2019,W,850825,780378,1631203
09/25/2019,W,859089,781453,1640542
09/26/2019,W,853333,791418,1644751
09/27/2019,W,734962,699996,1434958
09/28/2019,A,476234,401745,877979
09/29/2019,U,358174,294350,652524
09/30/2019,W,850333,738159,1588492
10/01/2019,W,905477,772082,1677559
10/02/2019,W,844694,765652,1610346
10/03/2019,W,885919,781701,1667620
10/04/2019,W,851906,740946,1592852
10/05/2019,A,492689,388710,881399
10/06/2019,U,403747,306647,710394
10/07/2019,W,845146,748413,1593559
10/08/2019,W,868009,773805,1641814
10/09/2019,W,857532,766121,1623653
10/10/2019,W,855556,803767,1659323
10/11/2019,W,776609,762011,1538620
10/12/2019,A,480048,470284,950332
10/13/2019,U,319885,522816,842701
10/14/2019,W,666607,698402,1365009
10/15/2019,W,844826,788101,1632927
10/16/2019,W,845543,782133,1627676
10/17/2019,W,787285,790202,1577487
10/18/2019,W,762811,778466,1541277
10/19/2019,A,499700,467794,967494
10/20/2019,U,377822,340156,717978
10/21/2019,W,739027,727743,1466770
10/22/2019,W,772142,750644,1522786
10/23/2019,W,789783,791468,1581251
10/24/2019,W,790853,766559,1557412
10/25/2019,W,757907,729221,1487128
10/26/2019,A,412819,356371,769190
10/27/2019,U,390090,314740,704830
10/28/2019,W,762580,729809,1492389
10/29/2019,W,781400,752054,1533454
10/30/2019,W,733054,721966,1455020
10/31/2019,W,698934,693962,1392896
11/01/2019,W,798542,719267,1517809
11/02/2019,A,467877,381954,849831
11/03/2019,U,356367,310621,666988
11/04/2019,W,848867,749735,1598602
11/05/2019,W,855055,769233,1624288
11/06/2019,W,840399,762015,1602414
11/07/2019,W,821063,768460,1589523
11/08/2019,W,718820,702518,1421338
11/09/2019,A,479816,386355,866171
11/10/2019,U,353042,292170,645212
11/11/2019,W,590714,604475,1195189
11/12/2019,W,756604,724448,1481052
11/13/2019,W,762247,729140,1491387
11/14/2019,W,764328,745044,1509372
11/15/2019,W,794430,732607,1527037
11/16/2019,A,467987,398924,866911
11/17/2019,U,340985,280372,621357
11/18/2019,W,807951,731335,1539286
11/19/2019,W,822152,755257,1577409
11/20/2019,W,839934,756096,1596030
11/21/2019,W,790016,752762,1542778
11/22/2019,W,817445,782838,1600283
11/23/2019,A,468337,443394,911731
11/24/2019,U,358133,301849,659982
11/25/2019,W,810928,721624,1532552
11/26/2019,W,791651,707015,1498666
11/27/2019,W,669245,576379,1245624
11/28/2019,U,244233,186732,430965
11/29/2019,W,480801,373012,853813
11/30/2019,A,386439,302733,689172
12/01/2019,U,315646,257317,572963
12/02/2019,W,803894,702424,1506318
12/03/2019,W,849440,732651,1582091
12/04/2019,W,837738,739104,1576842
12/05/2019,W,833516,761399,1594915
12/06/2019,W,799551,729231,1528782
12/07/2019,A,472207,404394,876601
12/08/2019,U,347917,286023,633940
12/09/2019,W,786431,690443,1476874
12/10/2019,W,770888,697269,1468157
12/11/2019,W,753922,692730,1446652
12/12/2019,W,787393,716707,1504100
12/13/2019,W,788504,704438,1492942
12/14/2019,A,471203,367508,838711
12/15/2019,U,348516,255659,604175
12/16/2019,W,743694,648766,1392460
12/17/2019,W,765207,678194,1443401
12/18/2019,W,734493,658439,1392932
12/19/2019,W,745959,664554,1410513
12/20/2019,W,731997,640236,1372233
12/21/2019,A,454167,356991,811158
12/22/2019,U,350959,283094,634053
12/23/2019,W,601685,501524,1103209
12/24/2019,W,462098,310604,772702
12/25/2019,U,200121,133009,333130
12/26/2019,W,517911,402948,920859
12/27/2019,W,552198,445835,998033
12/28/2019,A,394869,298646,693515
12/29/2019,U,315428,251105,566533
12/30/2019,W,544713,480721,1025434
12/31/2019,W,511289,431677,942966
03/14/2020,A,347925,235841,583766
03/15/2020,U,256591,166575,423166
03/16/2020,W,493179,284844,778023
03/17/2020,W,390091,217294,607385
03/18/2020,W,320242,179316,499558
03/19/2020,W,305501,163013,468514
03/20/2020,W,303882,152797,456679
03/21/2020,A,185406,86695,272101
03/22/2020,U,113282,60490,173772
03/23/2020,W,212121,103992,316113
03/24/2020,W,220319,105312,325631
03/25/2020,W,229414,106913,336327
03/26/2020,W,211746,100860,312606
03/27/2020,W,220715,102714,323429
03/28/2020,A,144561,68572,213133
03/29/2020,U,111188,57736,168924
03/30/2020,W,208762,96996,305758
03/31/2020,W,200537,94709,295246
04/01/2020,W,235503,100042,335545
04/02/2020,W,214222,95183,309405
04/03/2020,W,240528,101015,341543
04/04/2020,A,154302,65727,220029
04/05/2020,U,118701,53173,171874
04/06/2020,W,199323,89714,289037
04/07/2020,W,202629,90824,293453
04/08/2020,W,197789,88894,286683
04/09/2020,W,189898,86725,276623
04/10/2020,W,202934,85608,288542
04/11/2020,A,161743,59808,221551
04/12/2020,U,117907,46243,164150
04/13/2020,W,199679,79074,278753
04/14/2020,W,196277,79616,275893
04/15/2020,W,199545,78844,278389
04/16/2020,W,213862,79764,293626
04/17/2020,W,205280,77935,283215
04/18/2020,A,175887,58347,234234
04/19/2020,U,135539,47512,183051
04/20/2020,W,225938,79017,304955
04/21/2020,W,219120,77886,297006
04/22/2020,W,213080,77822,290902
04/23/2020,W,214131,77918,292049
04/24/2020,W,225498,78966,304464
04/25/2020,A,156179,51764,207943
04/26/2020,U,145023,47350,192373
04/27/2020,W,230903,77830,308733
04/28/2020,W,229831,79284,309115
04/29/2020,W,205453,74942,280395
04/30/2020,W,224948,79783,304731
05/01/2020,W,272700,89139,361839
05/02/2020,A,210617,59142,269759
05/03/2020,U,155791,49160,204951
05/04/2020,W,244960,79706,324666
05/05/2020,W,224885,77485,302370
05/06/2020,W,248434,82526,330960
05/07/2020,W,247597,83941,331538
05/08/2020,W,242402,82107,324509
05/09/2020,A,206907,59372,266279
05/10/2020,U,134047,43773,177820
05/11/2020,W,236521,77650,314171
05/12/2020,W,244938,81217,326155
05/13/2020,W,259169,83529,342698
05/14/2020,W,211894,76152,288046
05/15/2020,W,261148,82454,343602
05/16/2020,A,204433,60144,264577
05/17/2020,U,119698,40451,160149
05/18/2020,W,242568,80822,323390
05/19/2020,W,228412,79752,308164
05/20/2020,W,253916,85596,339512
05/21/2020,W,244336,85164,329500
05/22/2020,W,255894,86436,342330
05/23/2020,A,198708,59164,257872
05/24/2020,U,171095,53281,224376
05/25/2020,U,170039,52921,222960
05/26/2020,W,260758,84940,345698
05/27/2020,W,258713,86518,345231
05/28/2020,W,250675,86579,337254
05/29/2020,W,265087,92565,357652
05/30/2020,A,210004,69848,279852
05/31/2020,U,86503,23544,110047
06/01/2020,W,146931,27517,174448
06/02/2020,W,154414,31544,185958
06/03/2020,W,207502,68423,275925
06/04/2020,W,236590,83605,320195
06/05/2020,W,252137,90734,342871
06/06/2020,A,184406,69622,254028
06/07/2020,U,143697,53232,196929
06/08/2020,W,263520,100516,364036
06/09/2020,W,245154,98717,343871
06/10/2020,W,258523,101685,360208
06/11/2020,W,282597,110709,393306
06/12/2020,W,276051,113656,389707
06/13/2020,A,206386,81727,288113
06/14/2020,U,165299,66384,231683
06/15/2020,W,294517,111956,406473
06/16/2020,W,301881,114566,416447
06/17/2020,W,306380,117798,424178
06/18/2020,W,305028,119506,424534
06/19/2020,W,303502,125162,428664
06/20/2020,A,221620,81634,303254
06/21/2020,U,165913,70884,236797
06/22/2020,W,260524,114622,375146
06/23/2020,W,299680,131100,430780
06/24/2020,W,286680,133015,419695
06/25/2020,W,304522,139288,443810
06/26/2020,W,275240,130402,405642
06/27/2020,A,233358,106092,339450
06/28/2020,U,171693,86966,258659
06/29/2020,W,279383,133291,412674
06/30/2020,W,298563,140782,439345
07/01/2020,W,327984,148683,476667
07/02/2020,W,320859,149071,469930
07/03/2020,U,272940,127079,400019
07/04/2020,A,188378,94601,282979
07/05/2020,U,166998,84977,251975
07/06/2020,W,301317,143054,444371
07/07/2020,W,300508,147310,447818
07/08/2020,W,301892,149845,451737
07/09/2020,W,301260,149971,451231
07/10/2020,W,312226,155529,467755
07/11/2020,A,233152,112641,345793
07/12/2020,U,174761,90382,265143
07/13/2020,W,309700,149117,458817
07/14/2020,W,312379,152758,465137
07/15/2020,W,295648,147794,443442
07/16/2020,W,306288,154912,461200
07/17/2020,W,315882,161335,477217
07/18/2020,A,219217,109549,328766
07/19/2020,U,148461,80714,229175
07/20/2020,W,307261,149404,456665
07/21/2020,W,297659,148632,446291
07/22/2020,W,306629,152652,459281
07/23/2020,W,315401,156970,472371
07/24/2020,W,318269,161024,479293
07/25/2020,A,228619,116404,345023
07/26/2020,U,163332,90069,253401
07/27/2020,W,295579,144168,439747
07/28/2020,W,314899,153221,468120
07/29/2020,W,305332,152279,457611
07/30/2020,W,307576,156312,463888
07/31/2020,W,338021,164604,502625
08/01/2020,A,235944,117414,353358
08/02/2020,U,169536,89199,258735
08/03/2020,W,324028,152552,476580
08/04/2020,W,326128,157759,483887
08/05/2020,W,319021,157695,476716
08/06/2020,W,320751,159609,480360
08/07/2020,W,326107,164886,490993
08/08/2020,A,232723,118676,351399
08/09/2020,U,175080,93832,268912
08/10/2020,W,250672,96642,347314
08/11/2020,W,309009,138581,447590
08/12/2020,W,313739,146680,460419
08/13/2020,W,313917,150941,464858
08/14/2020,W,315311,155653,470964
08/15/2020,A,215071,107720,322791
08/16/2020,U,172492,89599,262091
08/17/2020,W,304431,147684,452115
08/18/2020,W,313038,155406,468444
08/19/2020,W,317835,158653,476488
08/20/2020,W,317199,160843,478042
08/21/2020,W,322563,165104,487667
08/22/2020,A,229626,119732,349358
08/23/2020,U,167737,93123,260860
08/24/2020,W,295919,152126,448045
08/25/2020,W,306720,156020,462740
08/26/2020,W,311882,158419,470301
08/27/2020,W,307570,159603,467173
08/28/2020,W,313712,163890,477602
08/29/2020,A,228415,120335,348750
08/30/2020,U,172100,96089,268189
08/31/2020,W,312659,156093,468752
09/01/2020,W,320186,157112,477298
09/02/2020,W,335025,167989,503014
09/03/2020,W,347516,172408,519924
09/04/2020,W,339339,176834,516173
09/05/2020,A,239660,134087,373747
09/06/2020,U,161152,98132,259284
09/07/2020,U,189391,104992,294383
09/08/2020,W,288854,151558,440412
09/09/2020,W,318510,162823,481333
09/10/2020,W,320927,167696,488623
09/11/2020,W,323815,172643,496458
09/12/2020,A,213040,118325,331365
09/13/2020,U,183881,104162,288043
09/14/2020,W,314508,159479,473987
09/15/2020,W,323465,166872,490337
09/16/2020,W,323500,171467,494967
09/17/2020,W,322703,171455,494158
09/18/2020,W,329339,179021,508360
09/19/2020,A,240028,135343,375371
09/20/2020,U,175502,101785,277287
09/21/2020,W,312717,160531,473248
09/22/2020,W,324554,166852,491406
09/23/2020,W,326416,169407,495823
09/24/2020,W,321314,169953,491267
09/25/2020,W,338121,180938,519059
09/26/2020,A,239686,136388,376074
09/27/2020,U,176943,102308,279251
09/28/2020,W,299874,158980,458854
09/29/2020,W,323062,167874,490936
09/30/2020,W,320186,169305,489491
10/01/2020,W,336911,173387,510298
10/02/2020,W,349664,182413,532077
10/03/2020,A,241921,133772,375693
10/04/2020,U,179954,100387,280341
10/05/2020,W,326242,164517,490759
10/06/2020,W,332474,168456,500930
10/07/2020,W,333595,171757,505352
10/08/2020,W,334365,174469,508834
10/09/2020,W,335842,183544,519386
10/10/2020,A,248858,137846,386704
10/11/2020,U,181194,103244,284438
10/12/2020,W,271925,145635,417560
10/13/2020,W,334145,170998,505143
10/14/2020,W,334911,172419,507330
10/15/2020,W,323424,172888,496312
10/16/2020,W,324544,178507,503051
10/17/2020,A,231563,134238,365801
10/18/2020,U,150496,92227,242723
10/19/2020,W,300842,158006,458848
10/20/2020,W,310091,163811,473902
10/21/2020,W,321256,167872,489128
10/22/2020,W,318012,168824,486836
10/23/2020,W,288787,166459,455246
10/24/2020,A,239353,132006,371359
10/25/2020,U,160807,94731,255538
10/26/2020,W,294204,155238,449442
10/27/2020,W,299100,158973,458073
10/28/2020,W,318538,165838,484376
10/29/2020,W,304342,165360,469702
10/30/2020,W,334559,172445,507004
10/31/2020,A,224885,120080,344965
11/01/2020,U,149896,85934,235830
11/02/2020,W,301558,154284,455842
11/03/2020,W,317723,149741,467464
11/04/2020,W,306904,151147,458051
11/05/2020,W,311836,158434,470270
11/06/2020,W,318896,167110,486006
11/07/2020,A,226237,126890,353127
11/08/2020,U,166538,94199,260737
11/09/2020,W,308098,157126,465224
11/10/2020,W,298502,153003,451505
11/11/2020,W,286362,147595,433957
11/12/2020,W,305497,158496,463993
11/13/2020,W,305354,159535,464889
11/14/2020,A,206691,104500,311191
11/15/2020,U,136434,75619,212053
11/16/2020,W,282290,140661,422951
11/17/2020,W,279757,140971,420728
11/18/2020,W,285245,143331,428576
11/19/2020,W,292548,148286,440834
11/20/2020,W,297292,149612,446904
11/21/2020,A,206379,100672,307051
11/22/2020,U,146562,74926,221488
11/23/2020,W,283365,138635,422000
11/24/2020,W,264500,135119,399619
11/25/2020,W,267787,131704,399491
11/26/2020,U,119470,56839,176309
11/27/2020,W,221878,106692,328570
11/28/2020,A,198860,97141,296001
11/29/2020,U,145682,76276,221958
11/30/2020,W,255801,130426,386227
12/01/2020,W,290906,138364,429270
12/02/2020,W,289930,137598,427528
12/03/2020,W,301357,142080,443437
12/04/2020,W,297160,144348,441508
12/05/2020,A,206508,100869,307377
12/06/2020,U,144322,74099,218421
12/07/2020,W,272363,133537,405900
12/08/2020,W,277139,137145,414284
12/09/2020,W,293699,143390,437089
12/10/2020,W,297368,144459,441827
12/11/2020,W,277727,138386,416113
12/12/2020,A,181545,92521,274066
12/13/2020,U,150344,78380,228724
12/14/2020,W,269583,135394,404977
12/15/2020,W,273075,137120,410195
12/16/2020,W,269375,138422,407797
12/17/2020,W,273791,139375,413166
12/18/2020,W,284841,144568,429409
12/19/2020,A,201406,101970,303376
12/20/2020,U,157805,80063,237868
12/21/2020,W,280892,137696,418588
12/22/2020,W,289292,140759,430051
12/23/2020,W,283137,138325,421462
12/24/2020,W,201261,92528,293789
12/25/2020,U,80783,40861,121644
12/26/2020,A,170294,81793,252087
12/27/2020,U,139350,72363,211713
12/28/2020,W,259552,125317,384869
12/29/2020,W,253437,128558,381995
12/30/2020,W,244219,126447,370666
12/31/2020,W,254787,114338,369125
01/01/2021,U,114115,62077,176192
01/02/2021,A,186877,91034,277911
01/03/2021,U,140440,72391,212831
01/04/2021,W,282862,132124,414986
01/05/2021,W,281724,134514,416238
01/06/2021,W,278317,136069,414386
01/07/2021,W,270340,135092,405432
01/08/2021,W,272827,137181,410008
01/09/2021,A,205370,101095,306465
01/10/2021,U,145412,71867,217279
01/11/2021,W,262355,129615,391970
01/12/2021,W,277882,136866,414748
01/13/2021,W,282529,140007,422536
01/14/2021,W,275747,137634,413381
01/15/2021,W,277928,139988,417916
01/16/2021,A,193303,96530,289833
01/17/2021,U,143923,72570,216493
01/18/2021,W,227108,113727,340835
01/19/2021,W,270497,137227,407724
01/20/2021,W,257638,131313,388951
01/21/2021,W,287899,144085,431984
01/22/2021,W,264517,138811,403328
01/23/2021,A,190988,96503,287491
01/24/2021,U,141538,71996,213534
01/25/2021,W,265782,135618,401400
01/26/2021,W,233767,127803,361570
01/27/2021,W,262570,138610,401180
01/28/2021,W,265152,140259,405411
01/29/2021,W,285439,148439,433878
01/30/2021,A,192267,102119,294386
01/31/2021,U,119669,75697,195366
02/01/2021,W,285366,145356,430722
02/02/2021,W,288369,146050,434419
02/03/2021,W,315672,152303,467975
02/04/2021,W,278515,147593,426108
02/05/2021,W,250369,139613,389982
02/06/2021,A,161437,89065,250502
02/07/2021,U,110637,64459,175096
02/08/2021,W,242899,128998,371897
02/09/2021,W,260772,137064,397836
02/10/2021,W,267271,141210,408481
02/11/2021,W,269772,146284,416056
02/12/2021,W,280767,149261,430028
02/13/2021,A,186257,106030,292287
02/14/2021,U,121070,73603,194673
02/15/2021,W,196912,118258,315170
02/16/2021,W,206197,114830,321027
02/17/2021,W,278930,149828,428758
02/18/2021,W,283168,155250,438418
02/19/2021,W,287852,156832,444684
02/20/2021,A,192157,112011,304168
02/21/2021,U,146116,81211,227327
02/22/2021,W,280331,146573,426904
02/23/2021,W,308822,157020,465842
02/24/2021,W,307300,156793,464093
02/25/2021,W,300304,157867,458171
02/26/2021,W,309217,164565,473782
02/27/2021,A,232432,127246,359678
02/28/2021,U,158200,87008,245208
03/01/2021,W,309106,149826,458932
03/02/2021,W,308998,156140,465138
03/03/2021,W,333410,163566,496976
03/04/2021,W,309302,159889,469191
03/05/2021,W,317629,167771,485400
03/06/2021,A,228890,124851,353741
03/07/2021,U,173071,95906,268977
03/08/2021,W,317267,159512,476779
03/09/2021,W,327340,164868,492208
03/10/2021,W,312074,161736,473810
03/11/2021,W,318121,165057,483178
03/12/2021,W,323199,172476,495675
03/13/2021,A,247738,148004,395742
03/14/2021,U,163299,97387,260686
03/15/2021,W,265818,144990,410808
03/16/2021,W,300583,158171,458754
03/17/2021,W,310656,165207,475863
03/18/2021,W,293346,160989,454335
03/19/2021,W,330666,178106,508772
03/20/2021,A,246067,141702,387769
03/21/2021,U,187953,111138,299091
03/22/2021,W,319333,164624,483957
03/23/2021,W,303876,159635,463511
03/24/2021,W,320929,168422,489351
03/25/2021,W,316190,168278,484468
03/26/2021,W,321386,175255,496641
03/27/2021,A,235940,137705,373645
03/28/2021,U,171037,101679,272716
03/29/2021,W,316586,165113,481699
03/30/2021,W,324218,170588,494806
03/31/2021,W,313521,168955,482476
04/01/2021,W,330414,178267,508681
04/02/2021,W,329144,180602,509746
04/03/2021,A,258780,150786,409566
04/04/2021,U,178580,105039,283619
04/05/2021,W,313426,166404,479830
04/06/2021,W,338664,181795,520459
04/07/2021,W,340512,181069,521581
04/08/2021,W,302569,171140,473709
04/09/2021,W,330542,186985,517527
04/10/2021,A,212976,129831,342807
04/11/2021,U,177686,105758,283444
04/12/2021,W,326192,170290,496482
04/13/2021,W,335197,179135,514332
04/14/2021,W,320689,173838,494527
04/15/2021,W,321850,179206,501056
04/16/2021,W,334144,199086,533230
04/17/2021,A,237265,155208,392473
04/18/2021,U,177249,112596,289845
04/19/2021,W,307407,165608,473015
04/20/2021,W,310048,170031,480079
04/21/2021,W,313705,173325,487030
04/22/2021,W,336610,187886,524496
04/23/2021,W,341811,203880,545691
04/24/2021,A,234939,149135,384074
04/25/2021,U,175558,113050,288608
04/26/2021,W,337128,176283,513411
04/27/2021,W,352388,193712,546100
04/28/2021,W,303689,172569,476258
04/29/2021,W,327089,184416,511505
04/30/2021,W,358329,207166,565495
05/01/2021,A,266141,170503,436644
05/02/2021,U,195776,126355,322131
05/03/2021,W,334667,174120,508787
05/04/2021,W,330540,183621,514161
05/05/2021,W,346837,193605,540442
05/06/2021,W,322453,187545,509998
05/07/2021,W,351011,212194,563205
05/08/2021,A,255252,161702,416954
05/09/2021,U,158199,108981,267180
05/10/2021,W,317899,175820,493719
05/11/2021,W,338523,189589,528112
05/12/2021,W,337223,193841,531064
05/13/2021,W,347914,205589,553503
05/14/2021,W,353950,222830,576780
05/15/2021,A,234951,166559,401510
05/16/2021,U,195939,137410,333349
05/17/2021,W,333150,190203,523353
05/18/2021,W,338267,195305,533572
05/19/2021,W,331674,198718,530392
05/20/2021,W,350455,215181,565636
05/21/2021,W,353721,226276,579997
05/22/2021,A,265066,188124,453190
05/23/2021,U,184730,129720,314450
05/24/2021,W,338290,196524,534814
05/25/2021,W,345371,205679,551050
05/26/2021,W,349319,208470,557789
05/27/2021,W,334991,208682,543673
05/28/2021,W,313635,217115,530750
05/29/2021,A,266944,208819,475763
05/30/2021,U,209937,177745,387682
05/31/2021,U,194901,147880,342781
06/01/2021,W,349451,221402,570853
06/02/2021,W,356620,222827,579447
06/03/2021,W,382161,231398,613559
06/04/2021,W,374475,244454,618929
06/05/2021,A,278036,199123,477159
06/06/2021,U,204309,148509,352818
06/07/2021,W,343982,202767,546749
06/08/2021,W,366854,222841,589695
06/09/2021,W,367755,231622,599377
06/10/2021,W,374697,246542,621239
06/11/2021,W,375533,271425,646958
06/12/2021,A,265224,224185,489409
06/13/2021,U,219260,184714,403974
06/14/2021,W,362267,227377,589644
06/15/2021,W,372531,238872,611403
06/16/2021,W,374362,242785,617147
06/17/2021,W,372186,247900,620086
06/18/2021,W,362823,272803,635626
06/19/2021,A,276925,238075,515000
06/20/2021,U,194025,158875,352900
06/21/2021,W,349781,237699,587480
06/22/2021,W,376511,256084,632595
06/23/2021,W,362682,239858,602540
06/24/2021,W,345186,240440,585626
06/25/2021,W,343853,251904,595757
06/26/2021,A,232678,190791,423469
06/27/2021,U,219887,176898,396785
06/28/2021,W,337566,218776,556342
06/29/2021,W,346254,229881,576135
06/30/2021,W,356837,237763,594600
07/01/2021,W,397781,257789,655570
07/02/2021,W,389185,254956,644141
07/03/2021,A,292341,215230,507571
07/04/2021,U,214496,167760,382256
07/05/2021,U,237811,178415,416226
07/06/2021,W,378230,255296,633526
07/07/2021,W,371601,261796,633397
07/08/2021,W,375578,276819,652397
07/09/2021,W,389894,302893,692787
07/10/2021,A,275612,238903,514515
07/11/2021,U,189913,165360,355273
07/12/2021,W,363268,237710,600978
07/13/2021,W,375230,250575,625805
07/14/2021,W,396163,262113,658276
07/15/2021,W,374072,261351,635423
07/16/2021,W,379552,280527,660079
07/17/2021,A,296714,245066,541780
07/18/2021,U,226558,191007,417565
07/19/2021,W,377772,248181,625953
07/20/2021,W,390578,264471,655049
07/21/2021,W,392548,274123,666671
07/22/2021,W,390531,275892,666423
07/23/2021,W,386289,298869,685158
07/24/2021,A,280927,250014,530941
07/25/2021,U,221645,198799,420444
07/26/2021,W,373206,260296,633502
07/27/2021,W,387327,279049,666376
07/28/2021,W,390425,298392,688817
07/29/2021,W,394751,362106,756857
07/30/2021,W,402364,362949,765313
07/31/2021,A,292772,310759,603531
08/01/2021,U,223161,244404,467565
08/02/2021,W,374987,259408,634395
08/03/2021,W,407869,267547,675416
08/04/2021,W,401665,271469,673134
08/05/2021,W,401248,283716,684964
08/06/2021,W,387894,313936,701830
08/07/2021,A,301542,275050,576592
08/08/2021,U,223653,187344,410997
08/09/2021,W,334547,240520,575067
08/10/2021,W,372961,264354,637315
08/11/2021,W,364185,258741,622926
08/12/2021,W,381061,280760,661821
08/13/2021,W,396567,277082,673649
08/14/2021,A,294345,252710,547055
08/15/2021,U,221156,205673,426829
08/16/2021,W,371748,246824,618572
08/17/2021,W,385106,259308,644414
08/18/2021,W,387316,265679,652995
08/19/2021,W,390171,274749,664920
08/20/2021,W,399149,298535,697684
08/21/2021,A,282205,248705,530910
08/22/2021,U,231270,202393,433663
08/23/2021,W,389873,263283,653156
08/24/2021,W,382748,259641,642389
08/25/2021,W,398464,278830,677294
08/26/2021,W,417416,287640,705056
08/27/2021,W,411406,302286,713692
08/28/2021,A,290939,232278,523217
08/29/2021,U,215493,180030,395523
08/30/2021,W,452128,283312,735440
08/31/2021,W,457408,294988,752396
09/01/2021,W,483883,302972,786855
09/02/2021,W,466988,316474,783462
09/03/2021,W,460822,332962,793784
09/04/2021,A,288744,249857,538601
09/05/2021,U,238982,232104,471086
09/06/2021,U,231171,190360,421531
09/07/2021,W,445989,291803,737792
09/08/2021,W,480111,320091,800202
09/09/2021,W,471953,326271,798224
09/10/2021,W,469400,355788,825188
09/11/2021,A,292316,276714,569030
09/12/2021,U,216327,206582,422909
09/13/2021,W,450527,296554,747081
09/14/2021,W,468812,311965,780777
09/15/2021,W,472623,329295,801918
09/16/2021,W,467659,365090,832749
09/17/2021,W,469512,377373,846885
09/18/2021,A,297188,295961,593149
09/19/2021,U,221743,220835,442578
09/20/2021,W,443252,298947,742199
09/21/2021,W,452211,319330,771541
09/22/2021,W,450883,322522,773405
09/23/2021,W,464140,327671,791811
09/24/2021,W,463710,365392,829102
09/25/2021,A,300821,296621,597442
09/26/2021,U,214958,195380,410338
09/27/2021,W,458134,298532,756666
09/28/2021,W,474767,315354,790121
09/29/2021,W,471319,323001,794320
09/30/2021,W,469820,326450,796270
10/01/2021,W,486451,343048,829499
10/02/2021,A,283289,248678,531967
10/03/2021,U,209009,188875,397884
10/04/2021,W,453108,297717,750825
10/05/2021,W,469691,317319,787010
10/06/2021,W,474666,317494,792160
10/07/2021,W,447936,323569,771505
10/08/2021,W,461163,348740,809903
10/09/2021,A,301635,281790,583425
10/10/2021,U,194232,312750,506982
10/11/2021,W,335704,269043,604747
10/12/2021,W,469702,337547,807249
10/13/2021,W,456836,323735,780571
10/14/2021,W,466987,336464,803451
10/15/2021,W,456194,338278,794472
10/16/2021,A,301890,266017,567907
10/17/2021,U,219929,196386,416315
10/18/2021,W,447658,303246,750904
10/19/2021,W,467179,323286,790465
10/20/2021,W,470815,323794,794609
10/21/2021,W,449160,330258,779418
10/22/2021,W,446072,328904,774976
10/23/2021,A,288871,244421,533292
10/24/2021,U,171424,144992,316416
10/25/2021,W,384314,270031,654345
10/26/2021,W,476997,320974,797971
10/27/2021,W,475784,327121,802905
10/28/2021,W,447442,328865,776307
10/29/2021,W,407815,307878,715693
10/30/2021,A,280283,244786,525069
10/31/2021,U,203393,183268,386661
11/01/2021,W,452937,300996,753933
11/02/2021,W,463908,319122,783030
11/03/2021,W,481029,327770,808799
11/04/2021,W,463508,333562,797070
11/05/2021,W,403870,312819,716689
11/06/2021,A,279147,235533,514680
11/07/2021,U,211114,177817,388931
11/08/2021,W,458387,305403,763790
11/09/2021,W,465479,324645,790124
11/10/2021,W,474682,332506,807188
11/11/2021,W,349696,286823,636519
11/12/2021,W,381722,302454,684176
11/13/2021,A,263401,221836,485237
11/14/2021,U,191694,153282,344976
11/15/2021,W,427781,292876,720657
11/16/2021,W,463846,321135,784981
11/17/2021,W,436216,311717,747933
11/18/2021,W,413008,315161,728169
11/19/2021,W,443247,337202,780449
11/20/2021,A,271655,276136,547791
11/21/2021,U,214017,179537,393554
11/22/2021,W,428156,288075,716231
11/23/2021,W,437577,300261,737838
11/24/2021,W,359261,257882,617143
11/25/2021,U,136680,103108,239788
11/26/2021,W,257700,189694,447394
11/27/2021,A,237839,187065,424904
11/28/2021,U,184817,147830,332647
11/29/2021,W,421322,276090,697412
11/30/2021,W,450230,302349,752579
12/01/2021,W,464613,309075,773688
12/02/2021,W,466625,323958,790583
12/03/2021,W,460247,320326,780573
12/04/2021,A,282720,237153,519873
12/05/2021,U,175680,150682,326362
12/06/2021,W,419783,278439,698222
12/07/2021,W,412108,287065,699173
12/08/2021,W,440298,300242,740540
12/09/2021,W,441609,310636,752245
12/10/2021,W,425279,297443,722722
12/11/2021,A,253954,221509,475463
12/12/2021,U,200373,165296,365669
12/13/2021,W,425654,272016,697670
12/14/2021,W,443484,293750,737234
12/15/2021,W,441500,299691,741191
12/16/2021,W,424823,297427,722250
12/17/2021,W,405415,282060,687475
12/18/2021,A,243767,196349,440116
12/19/2021,U,193554,150673,344227
12/20/2021,W,346355,235596,581951
12/21/2021,W,343757,224928,568685
12/22/2021,W,314359,209334,523693
12/23/2021,W,311895,192858,504753
12/24/2021,U,215369,118922,334291
12/25/2021,A,101622,63575,165197
12/26/2021,U,160349,106278,266627
12/27/2021,W,276748,170801,447549
12/28/2021,W,267102,174336,441438
12/29/2021,W,294413,191745,486158
12/30/2021,W,295024,194851,489875
12/31/2021,U,227449,163183,390632
01/01/2022,A,115581,116473,232054
01/02/2022,U,141100,114070,255170
01/03/2022,W,308893,184727,493620
01/04/2022,W,343163,202963,546126
01/05/2022,W,261752,177105,438857
01/06/2022,W,256983,175465,432448
01/07/2022,W,246042,172216,418258
01/08/2022,A,190569,133844,324413
01/09/2022,U,139413,102330,241743
01/10/2022,W,273785,175964,449749
01/11/2022,W,299534,190644,490178
01/12/2022,W,364308,214250,578558
01/13/2022,W,364235,218508,582743
01/14/2022,W,355305,224098,579403
01/15/2022,A,201975,153357,355332
01/16/2022,U,157849,117493,275342
01/17/2022,W,247901,160202,408103
01/18/2022,W,394532,239770,634302
01/19/2022,W,373531,235997,609528
01/20/2022,W,343001,227670,570671
01/21/2022,W,360918,227754,588672
01/22/2022,A,213615,153452,367067
01/23/2022,U,149802,112997,262799
01/24/2022,W,352311,235351,587662
01/25/2022,W,352155,234112,586267
01/26/2022,W,313683,215518,529201
01/27/2022,W,388880,254620,643500
01/28/2022,W,310477,229809,540286
01/29/2022,A,216590,160644,377234
01/30/2022,U,163483,115445,278928
01/31/2022,W,405219,253283,658502
02/01/2022,W,438309,273732,712041
02/02/2022,W,252363,189573,441936
02/03/2022,W,342011,232018,574029
02/04/2022,W,391793,263572,655365
02/05/2022,A,222874,169731,392605
02/06/2022,U,179811,125211,305022
02/07/2022,W,405768,257867,663635
02/08/2022,W,431086,280312,711398
02/09/2022,W,433494,283336,716830
02/10/2022,W,426111,284248,710359
02/11/2022,W,413489,269373,682862
02/12/2022,A,236977,177109,414086
02/13/2022,U,175728,133282,309010
02/14/2022,W,400492,260703,661195
02/15/2022,W,434683,282736,717419
02/16/2022,W,436057,286506,722563
02/17/2022,W,365062,260175,625237
02/18/2022,W,383850,268927,652777
02/19/2022,A,228190,179991,408181
02/20/2022,U,193971,146532,340503
02/21/2022,W,330376,219366,549742
02/22/2022,W,402852,275702,678554
02/23/2022,W,434639,288569,723208
02/24/2022,W,417551,290246,707797
02/25/2022,W,411882,278287,690169
02/26/2022,A,260161,190557,450718
02/27/2022,U,197978,139377,337355
02/28/2022,W,437269,272433,709702
03/01/2022,W,471547,297951,769498
03/02/2022,W,461679,304639,766318
03/03/2022,W,450905,301344,752249
03/04/2022,W,437164,288975,726139
03/05/2022,A,291281,221714,512995
03/06/2022,U,194300,141976,336276
03/07/2022,W,399383,261592,660975
03/08/2022,W,464441,303631,768072
03/09/2022,W,466984,310336,777320
03/10/2022,W,444721,310435,755156
03/11/2022,W,422764,294476,717240
03/12/2022,A,247872,287526,535398
03/13/2022,U,200879,168821,369700
03/14/2022,W,448558,294168,742726
03/15/2022,W,463215,322609,785824
03/16/2022,W,479823,333597,813420
03/17/2022,W,463068,336933,800001
03/18/2022,W,404540,292739,697279
03/19/2022,A,250839,203842,454681
03/20/2022,U,220280,183597,403877
03/21/2022,W,459452,286077,745529
03/22/2022,W,432916,290803,723719
03/23/2022,W,411053,285528,696581
03/24/2022,W,452116,279960,732076
03/25/2022,W,431829,290569,722398
03/26/2022,A,242199,191025,433224
03/27/2022,U,193217,147865,341082
03/28/2022,W,443113,283316,726429
03/29/2022,W,459127,310432,769559
03/30/2022,W,425844,299471,725315
03/31/2022,W,446918,313624,760542
04/01/2022,W,484903,314610,799513
04/02/2022,A,264044,194383,458427
04/03/2022,U,218901,153875,372776
04/04/2022,W,457452,291019,748471
04/05/2022,W,482775,326164,808939
04/06/2022,W,470573,327753,798326
04/07/2022,W,468788,346853,815641
04/08/2022,W,398017,301320,699337
04/09/2022,A,283129,232566,515695
04/10/2022,U,221977,184272,406249
04/11/2022,W,388543,276040,664583
04/12/2022,W,426444,323042,749486
04/13/2022,W,375870,290641,666511
04/14/2022,W,408379,316347,724726
04/15/2022,W,367610,276605,644215
04/16/2022,A,274093,216395,490488
04/17/2022,U,183837,139738,323575
04/18/2022,W,416359,279342,695701
04/19/2022,W,461501,324667,786168
04/20/2022,W,453943,322677,776620
04/21/2022,W,455139,339779,794918
04/22/2022,W,414144,295319,709463
04/23/2022,A,312128,278763,590891
04/24/2022,U,192744,162462,355206
04/25/2022,W,454532,293934,748466
04/26/2022,W,476474,323321,799795
04/27/2022,W,473316,325530,798846
04/28/2022,W,461751,329024,790775
04/29/2022,W,472802,324138,796940
04/30/2022,A,260440,208693,469133
05/01/2022,U,209565,167306,376871
05/02/2022,W,456676,288292,744968
05/03/2022,W,427088,304189,731277
05/04/2022,W,500429,344233,844662
05/05/2022,W,464544,329241,793785
05/06/2022,W,429700,298387,728087
05/07/2022,A,308573,262869,571442
05/08/2022,U,204641,167467,372108
05/09/2022,W,456324,296458,752782
05/10/2022,W,487603,334899,822502
05/11/2022,W,481802,332548,814350
05/12/2022,W,475308,345676,820984
05/13/2022,W,470223,332657,802880
05/14/2022,A,303044,249361,552405
05/15/2022,U,210931,171982,382913
05/16/2022,W,460986,304494,765480
05/17/2022,W,479630,337079,816709
05/18/2022,W,452731,322841,775572
05/19/2022,W,486489,351429,837918
05/20/2022,W,458078,321127,779205
05/21/2022,A,258763,218972,477735
05/22/2022,U,221756,193002,414758
05/23/2022,W,456515,297901,754416
05/24/2022,W,484351,336010,820361
05/25/2022,W,461780,319883,781663
05/26/2022,W,467853,332069,799922
05/27/2022,W,435553,299737,735290
05/28/2022,A,299533,280228,579761
05/29/2022,U,239199,246793,485992
05/30/2022,U,235865,210421,446286
05/31/2022,W,468550,326376,794926
06/01/2022,W,496766,346924,843690
06/02/2022,W,492400,355544,847944
06/03/2022,W,494862,353934,848796
06/04/2022,A,298993,261915,560908
06/05/2022,U,230730,216530,447260
06/06/2022,W,437910,291922,729832
06/07/2022,W,492774,348945,841719
06/08/2022,W,454093,328980,783073
06/09/2022,W,488146,359630,847776
06/10/2022,W,450488,327910,778398
06/11/2022,A,311911,264509,576420
06/12/2022,U,224348,193587,417935
06/13/2022,W,433682,306621,740303
06/14/2022,W,467146,345831,812977
06/15/2022,W,435538,338852,774390
06/16/2022,W,441821,351622,793443
06/17/2022,W,438575,356445,795020
06/18/2022,A,316980,307051,624031
06/19/2022,U,227181,226033,453214
06/20/2022,W,365955,257700,623655
06/21/2022,W,427588,321100,748688
06/22/2022,W,444712,335641,780353
06/23/2022,W,442860,345391,788251
06/24/2022,W,429666,353308,782974
06/25/2022,A,276951,259318,536269
06/26/2022,U,228786,301320,530106
06/27/2022,W,416606,298347,714953
06/28/2022,W,445097,348827,793924
06/29/2022,W,448310,350300,798610
06/30/2022,W,434307,354302,788609
07/01/2022,W,427111,319073,746184
07/02/2022,A,314971,271980,586951
07/03/2022,U,234889,221003,455892
07/04/2022,U,201272,158486,359758
07/05/2022,W,400714,283797,684511
07/06/2022,W,438241,315347,753588
07/07/2022,W,444168,331132,775300
07/08/2022,W,414527,323371,737898
07/09/2022,A,314661,288100,602761
07/10/2022,U,228764,208566,437330
07/11/2022,W,411177,289480,700657
07/12/2022,W,460573,351612,812185
07/13/2022,W,462243,357923,820166
07/14/2022,W,459272,364927,824199
07/15/2022,W,385035,307877,692912
07/16/2022,A,306271,295499,601770
07/17/2022,U,212995,208264,421259
07/18/2022,W,432780,299248,732028
07/19/2022,W,453338,335621,788959
07/20/2022,W,455439,338205,793644
07/21/2022,W,445763,342598,788361
07/22/2022,W,426586,323821,750407
07/23/2022,A,275396,265291,540687
07/24/2022,U,209703,202481,412184
07/25/2022,W,423680,314719,738399
07/26/2022,W,460649,352662,813311
07/27/2022,W,446320,340006,786326
07/28/2022,W,448728,380517,829245
07/29/2022,W,430804,378849,809653
07/30/2022,A,304052,327388,631440
07/31/2022,U,224307,252781,477088
08/01/2022,W,433904,304820,738724
08/02/2022,W,451890,335737,787627
08/03/2022,W,430236,321771,752007
08/04/2022,W,449161,341966,791127
08/05/2022,W,445484,357462,802946
08/06/2022,A,302707,280369,583076
08/07/2022,U,202042,193344,395386
08/08/2022,W,381427,286194,667621
08/09/2022,W,454272,352582,806854
08/10/2022,W,455381,346182,801563
08/11/2022,W,444736,337937,782673
08/12/2022,W,430652,320260,750912
08/13/2022,A,295364,253835,549199
08/14/2022,U,214683,189154,403837
08/15/2022,W,422612,312773,735385
08/16/2022,W,445900,335456,781356
08/17/2022,W,451427,335610,787037
08/18/2022,W,447149,343155,790304
08/19/2022,W,446821,359501,806322
08/20/2022,A,276088,263681,539769
08/21/2022,U,235253,221628,456881
08/22/2022,W,484550,322408,806958
08/23/2022,W,510024,370191,880215
08/24/2022,W,509522,369646,879168
08/25/2022,W,491181,367289,858470
08/26/2022,W,495636,347989,843625
08/27/2022,A,313588,249105,562693
08/28/2022,U,219848,188705,408553
08/29/2022,W,453804,307410,761214
08/30/2022,W,524895,366870,891765
08/31/2022,W,521586,366459,888045
09/01/2022,W,526641,371181,897822
09/02/2022,W,507102,361289,868391
09/03/2022,A,329125,291196,620321
09/04/2022,U,229381,227410,456791
09/05/2022,U,236613,180944,417557
09/06/2022,W,523472,365689,889161
09/07/2022,W,534473,388259,922732
09/08/2022,W,529691,391210,920901
09/09/2022,W,506174,373012,879186
09/10/2022,A,328476,293144,621620
09/11/2022,U,180862,175036,355898
09/12/2022,W,480954,342767,823721
09/13/2022,W,527850,390462,918312
09/14/2022,W,531662,395177,926839
09/15/2022,W,526216,409158,935374
09/16/2022,W,508567,431965,940532
09/17/2022,A,333893,324035,657928
09/18/2022,U,237991,241024,479015
09/19/2022,W,495344,350160,845504
09/20/2022,W,522109,387279,909388
09/21/2022,W,537697,392818,930515
09/22/2022,W,530009,398846,928855
09/23/2022,W,458882,354789,813671
09/24/2022,A,320145,265000,585145
09/25/2022,U,229013,196621,425634
09/26/2022,W,497354,338256,835610
09/27/2022,W,527776,392549,920325
09/28/2022,W,530749,399004,929753
09/29/2022,W,521049,399396,920445
09/30/2022,W,517079,372584,889663
10/01/2022,A,331991,278557,610548
10/02/2022,U,230938,198343,429281
10/03/2022,W,522157,347552,869709
10/04/2022,W,539617,387120,926737
10/05/2022,W,535091,386695,921786
10/06/2022,W,528937,407379,936316
10/07/2022,W,497726,385824,883550
10/08/2022,A,327134,300298,627432
10/09/2022,U,207502,351798,559300
10/10/2022,W,413126,332397,745523
10/11/2022,W,516976,397158,914134
10/12/2022,W,497854,384939,882793
10/13/2022,W,533103,420167,953270
10/14/2022,W,501494,372144,873638
10/15/2022,A,325294,272080,597374
10/16/2022,U,227365,191906,419271
10/17/2022,W,470688,332889,803577
10/18/2022,W,499407,372296,871703
10/19/2022,W,525153,378834,903987
10/20/2022,W,507374,383470,890844
10/21/2022,W,462718,343986,806704
10/22/2022,A,328599,254638,583237
10/23/2022,U,239284,189552,428836
10/24/2022,W,499098,342781,841879
10/25/2022,W,478171,370030,848201
10/26/2022,W,539425,393904,933329
10/27/2022,W,528826,395129,923955
10/28/2022,W,501985,352842,854827
10/29/2022,A,311437,254149,565586
10/30/2022,U,217204,177961,395165
10/31/2022,W,454862,318942,773804
11/01/2022,W,535639,378179,913818
11/02/2022,W,532834,379413,912247
11/03/2022,W,540308,389939,930247
11/04/2022,W,489779,345651,835430
11/05/2022,A,271210,239302,510512
11/06/2022,U,237292,195418,432710
11/07/2022,W,502205,345095,847300
11/08/2022,W,445547,343165,788712
11/09/2022,W,524300,382075,906375
11/10/2022,W,534931,396488,931419
11/11/2022,W,458476,329637,788113
11/12/2022,A,283958,233513,517471
11/13/2022,U,216386,184686,401072
11/14/2022,W,479311,330831,810142
11/15/2022,W,482772,363154,845926
11/16/2022,W,501388,367015,868403
11/17/2022,W,489196,368122,857318
11/18/2022,W,437859,348326,786185
11/19/2022,A,253918,231052,484970
11/20/2022,U,204456,163384,367840
11/21/2022,W,423423,299744,723167
11/22/2022,W,435161,314006,749167
11/23/2022,W,398091,275787,673878
11/24/2022,U,160200,111986,272186
11/25/2022,W,305747,216040,521787
11/26/2022,A,283619,206385,490004
11/27/2022,U,190990,145822,336812
11/28/2022,W,472849,306743,779592
11/29/2022,W,492390,346172,838562
11/30/2022,W,471180,342095,813275
12/01/2022,W,494028,351763,845791
12/02/2022,W,490109,327826,817935
12/03/2022,A,302524,235937,538461
12/04/2022,U,219158,175364,394522
12/05/2022,W,473036,301290,774326
12/06/2022,W,491402,343974,835376
12/07/2022,W,501570,348450,850020
12/08/2022,W,491122,354293,845415
12/09/2022,W,434379,310116,744495
12/10/2022,A,301199,250406,551605
12/11/2022,U,217920,181270,399190
12/12/2022,W,461205,309804,771009
12/13/2022,W,488778,350345,839123
12/14/2022,W,460656,334180,794836
12/15/2022,W,479951,357938,837889
12/16/2022,W,438828,317559,756387
12/17/2022,A,273704,221530,495234
12/18/2022,U,205652,168395,374047
12/19/2022,W,422466,271588,694054
12/20/2022,W,458350,301658,760008
12/21/2022,W,449539,293415,742954
12/22/2022,W,334740,211520,546260
12/23/2022,W,154576,107314,261890
12/24/2022,A,150459,94387,244846
12/25/2022,U,85188,55366,140554
12/26/2022,U,205368,123005,328373
12/27/2022,W,315154,202638,517792
12/28/2022,W,321472,212073,533545
12/29/2022,W,347158,231287,578445
12/30/2022,W,364899,243067,607966
12/31/2022,A,257498,181031,438529
01/01/2023,U,164489,140776,305265
01/02/2023,U,254124,165797,419921
01/03/2023,W,383247,275846,659093
01/04/2023,W,398456,292474,690930
01/05/2023,W,384238,292708,676946
01/06/2023,W,371923,258636,630559
01/07/2023,A,272633,183930,456563
01/08/2023,U,209397,145377,354774
01/09/2023,W,449465,296803,746268
01/10/2023,W,499769,345615,845384
01/11/2023,W,499126,343468,842594
01/12/2023,W,474679,340171,814850
01/13/2023,W,443233,292169,735402
01/14/2023,A,288502,201672,490174
01/15/2023,U,220389,154138,374527
01/16/2023,W,295880,196321,492201
01/17/2023,W,496926,344762,841688
01/18/2023,W,495410,346875,842285
01/19/2023,W,479283,347238,826521
01/20/2023,W,457848,296350,754198
01/21/2023,A,285487,196802,482289
01/22/2023,U,201809,140538,342347
01/23/2023,W,468304,307836,776140
01/24/2023,W,505791,355136,860927
01/25/2023,W,462648,337076,799724
01/26/2023,W,484428,350067,834495
01/27/2023,W,435531,290048,725579
01/28/2023,A,270454,190883,461337
01/29/2023,U,199420,144673,344093
01/30/2023,W,420711,284230,704941
01/31/2023,W,428116,311121,739237
02/01/2023,W,488390,332706,821096
02/02/2023,W,488230,339244,827474
02/03/2023,W,367206,247871,615077
02/04/2023,A,295858,188543,484401
02/05/2023,U,228506,147681,376187
02/06/2023,W,489061,304675,793736
02/07/2023,W,512128,348998,861126
02/08/2023,W,517223,348441,865664
02/09/2023,W,456891,326676,783567
02/10/2023,W,480757,289003,769760
02/11/2023,A,305427,182401,487828
02/12/2023,U,228971,139964,368935
02/13/2023,W,477325,298814,776139
02/14/2023,W,510605,355572,866177
02/15/2023,W,498251,346762,845013
02/16/2023,W,450939,324574,775513
02/17/2023,W,447365,297527,744892
02/18/2023,A,307618,213471,521089
02/19/2023,U,241433,167599,409032
02/20/2023,W,371110,251523,622633
02/21/2023,W,512268,349053,861321
02/22/2023,W,445175,320183,765358
02/23/2023,W,500377,349987,850364
02/24/2023,W,468093,303528,771621
02/25/2023,A,313877,199947,513824
02/26/2023,U,246373,152718,399091
02/27/2023,W,438886,284156,723042
02/28/2023,W,516342,350093,866435
03/01/2023,W,538035,357399,895434
03/02/2023,W,505862,352552,858414
03/03/2023,W,441984,285055,727039
03/04/2023,A,332481,209545,542026
03/05/2023,U,246208,156086,402294
03/06/2023,W,470524,303195,773719
03/07/2023,W,528413,362941,891354
03/08/2023,W,521850,359517,881367
03/09/2023,W,498577,352220,850797
03/10/2023,W,466305,312533,778838
03/11/2023,A,326961,340919,667880
03/12/2023,U,215765,159274,375039
03/13/2023,W,459265,307389,766654
03/14/2023,W,524325,366497,890822
03/15/2023,W,535449,367880,903329
03/16/2023,W,499382,360728,860110
03/17/2023,W,435055,319561,754616
03/18/2023,A,284653,199267,483920
03/19/2023,U,238907,157695,396602
03/20/2023,W,478059,300593,778652
03/21/2023,W,510959,347098,858057
03/22/2023,W,499380,340260,839640
03/23/2023,W,489519,342562,832081
03/24/2023,W,475520,306297,781817
03/25/2023,A,287548,202198,489746
03/26/2023,U,222855,179536,402391
03/27/2023,W,493436,320115,813551
03/28/2023,W,521594,365749,887343
03/29/2023,W,470430,353192,823622
03/30/2023,W,517477,388264,905741
03/31/2023,W,467904,309609,777513
04/01/2023,A,315267,235235,550502
04/02/2023,U,261251,191192,452443
04/03/2023,W,439537,304009,743546
04/04/2023,W,428000,325448,753448
04/05/2023,W,438936,335701,774637
04/06/2023,W,459977,353018,812995
04/07/2023,W,419926,312653,732579
04/08/2023,A,333736,244038,577774
04/09/2023,U,237320,168475,405795
04/10/2023,W,492576,324608,817184
04/11/2023,W,539533,388288,927821
04/12/2023,W,516841,388965,905806
04/13/2023,W,541076,386440,927516
04/14/2023,W,518497,353807,872304
04/15/2023,A,360082,254964,615046
04/16/2023,U,229968,157603,387571
04/17/2023,W,458530,310077,768607
04/18/2023,W,523866,378471,902337
04/19/2023,W,527267,380103,907370
04/20/2023,W,516298,393967,910265
04/21/2023,W,505681,360742,866423
04/22/2023,A,329493,240134,569627
04/23/2023,U,245927,174185,420112
04/24/2023,W,502642,328298,830940
04/25/2023,W,516696,378228,894924
04/26/2023,W,539161,388688,927849
04/27/2023,W,532971,395661,928632
04/28/2023,W,503332,340242,843574
04/29/2023,A,331120,224434,555554
04/30/2023,U,238929,165311,404240
05/01/2023,W,482348,315630,797978
05/02/2023,W,530573,372211,902784
05/03/2023,W,555155,381538,936693
05/04/2023,W,542958,391265,934223
05/05/2023,W,518792,367635,886427
05/06/2023,A,354490,259476,613966
05/07/2023,U,281403,198280,479683
05/08/2023,W,469174,325860,795034
05/09/2023,W,548033,396388,944421
05/10/2023,W,544618,397870,942488
05/11/2023,W,533940,384804,918744
05/12/2023,W,481927,328362,810289
05/13/2023,A,344247,221075,565322
05/14/2023,U,233363,156364,389727
05/15/2023,W,486638,320403,807041
05/16/2023,W,533948,384145,918093
05/17/2023,W,527429,382604,910033
05/18/2023,W,525435,390005,915440
05/19/2023,W,486435,337006,823441
05/20/2023,A,354750,241214,595964
05/21/2023,U,273007,193053,466060
05/22/2023,W,499608,333292,832900
05/23/2023,W,537810,406630,944440
05/24/2023,W,535858,401039,936897
05/25/2023,W,528009,395099,923108
05/26/2023,W,497832,356184,854016
05/27/2023,A,340968,290957,631925
05/28/2023,U,273385,247157,520542
05/29/2023,U,269683,209702,479385
05/30/2023,W,517974,382375,900349
05/31/2023,W,517111,389469,906580
06/01/2023,W,544178,393187,937365
06/02/2023,W,514354,386122,900476
06/03/2023,A,371914,300646,672560
06/04/2023,U,278304,238509,516813
06/05/2023,W,511045,350028,861073
06/06/2023,W,522067,389250,911317
06/07/2023,W,535180,390851,926031
06/08/2023,W,493065,387473,880538
06/09/2023,W,476837,381247,858084
06/10/2023,A,379556,320326,699882
06/11/2023,U,239715,193563,433278
06/12/2023,W,457944,327050,784994
06/13/2023,W,450859,375000,825859
06/14/2023,W,493401,392696,886097
06/15/2023,W,482965,398441,881406
06/16/2023,W,453530,361553,815083
06/17/2023,A,372865,295909,668774
06/18/2023,U,272736,221073,493809
06/19/2023,W,384578,261569,646147
06/20/2023,W,488457,375171,863628
06/21/2023,W,495689,401487,897176
06/22/2023,W,486237,402155,888392
06/23/2023,W,469905,383443,853348
06/24/2023,A,369643,298557,668200
06/25/2023,U,258229,295714,553943
06/26/2023,W,445453,323554,769007
06/27/2023,W,496729,395754,892483
06/28/2023,W,496731,392034,888765
06/29/2023,W,470303,393963,864266
06/30/2023,W,473836,378120,851956
07/01/2023,A,335143,311337,646480
07/02/2023,U,170177,192380,362557
07/03/2023,W,444738,293378,738116
07/04/2023,U,281675,195858,477533
07/05/2023,W,448241,324432,772673
07/06/2023,W,495284,375201,870485
07/07/2023,W,479367,347499,826866
07/08/2023,A,352631,259570,612201
07/09/2023,U,281445,205204,486649
07/10/2023,W,485647,330776,816423
07/11/2023,W,483040,372976,856016
07/12/2023,W,443121,354104,797225
07/13/2023,W,505564,394862,900426
07/14/2023,W,476443,373807,850250
07/15/2023,A,359874,287408,647282
07/16/2023,U,281420,234238,515658
07/17/2023,W,480822,349113,829935
07/18/2023,W,512122,398713,910835
07/19/2023,W,515105,402686,917791
07/20/2023,W,502681,414002,916683
07/21/2023,W,485225,389288,874513
07/22/2023,A,360932,312905,673837
07/23/2023,U,288305,247161,535466
07/24/2023,W,474506,338496,813002
07/25/2023,W,508517,383391,891908
07/26/2023,W,478350,371278,849628
07/27/2023,W,502581,385163,887744
07/28/2023,W,446842,334517,781359
07/29/2023,A,364824,286441,651265
07/30/2023,U,285496,219936,505432
07/31/2023,W,469024,334195,803219
08/01/2023,W,528437,389535,917972
08/02/2023,W,519583,423358,942941
08/03/2023,W,521191,480968,1002159
08/04/2023,W,493321,456039,949360
08/05/2023,A,338701,346075,684776
08/06/2023,U,264872,298188,563060
08/07/2023,W,467465,346627,814092
08/08/2023,W,508824,388916,897740
08/09/2023,W,501770,394563,896333
08/10/2023,W,506343,383545,889888
08/11/2023,W,472150,370307,842457
08/12/2023,A,370464,315090,685554
08/13/2023,U,279218,225085,504303
08/14/2023,W,408865,290559,699424
08/15/2023,W,500013,382517,882530
08/16/2023,W,518485,390193,908678
08/17/2023,W,484256,366327,850583
08/18/2023,W,490626,366654,857280
08/19/2023,A,381458,303336,684794
08/20/2023,U,296344,239159,535503
08/21/2023,W,551302,343866,895168
08/22/2023,W,564653,390141,954794
08/23/2023,W,531763,365111,896874
08/24/2023,W,501750,365055,866805
08/25/2023,W,553276,375055,928331
08/26/2023,A,361538,273589,635127
08/27/2023,U,289983,218533,508516
08/28/2023,W,567171,371199,938370
08/29/2023,W,585643,418817,1004460
08/30/2023,W,589901,420080,1009981
08/31/2023,W,579376,413083,992459
09/01/2023,W,585674,386812,972486
09/02/2023,A,384728,291029,675757
09/03/2023,U,309758,248524,558282
09/04/2023,U,293106,220411,513517
09/05/2023,W,586167,409043,995210
09/06/2023,W,578259,425429,1003688
09/07/2023,W,597711,442432,1040143
09/08/2023,W,555213,397332,952545
09/09/2023,A,385592,323033,708625
09/10/2023,U,297306,247808,545114
09/11/2023,W,504742,356445,861187
09/12/2023,W,603242,432403,1035645
09/13/2023,W,593103,431950,1025053
09/14/2023,W,587439,437320,1024759
09/15/2023,W,566708,432176,998884
09/16/2023,A,352049,340865,692914
09/17/2023,U,252015,219746,471761
09/18/2023,W,560810,382031,942841
09/19/2023,W,555949,432367,988316
09/20/2023,W,599268,447165,1046433
09/21/2023,W,581536,449600,1031136
09/22/2023,W,525718,400937,926655
09/23/2023,A,381816,312772,694588
09/24/2023,U,290336,234578,524914
09/25/2023,W,552311,370891,923202
09/26/2023,W,565172,416619,981791
09/27/2023,W,583749,427267,1011016
09/28/2023,W,597723,437574,1035297
09/29/2023,W,578054,401168,979222
09/30/2023,A,391173,301206,692379
10/01/2023,U,303953,229368,533321
10/02/2023,W,576630,378334,954964
10/03/2023,W,619488,434467,1053955
10/04/2023,W,610623,445787,1056410
10/05/2023,W,584937,447707,1032644
10/06/2023,W,559485,428321,987806
10/07/2023,A,386990,334134,721124
10/08/2023,U,253021,403385,656406
10/09/2023,W,452540,366694,819234
10/10/2023,W,601129,443465,1044594
10/11/2023,W,598019,442594,1040613
10/12/2023,W,567954,433731,1001685
10/13/2023,W,519462,373986,893448
10/14/2023,A,338320,266624,604944
10/15/2023,U,293753,222768,516521
10/16/2023,W,551971,374520,926491
10/17/2023,W,587256,440241,1027497
10/18/2023,W,595182,439266,1034448
10/19/2023,W,579587,433975,1013562
10/20/2023,W,562941,395292,958233
10/21/2023,A,364186,309900,674086
10/22/2023,U,288942,219804,508746
10/23/2023,W,555068,379650,934718
10/24/2023,W,598773,434867,1033640
10/25/2023,W,570560,426962,997522
10/26/2023,W,535013,412606,947619
10/27/2023,W,503840,373004,876844
10/28/2023,A,360484,275006,635490
10/29/2023,U,250473,185823,436296
10/30/2023,W,551840,367453,919293
10/31/2023,W,520069,390110,910179
11/01/2023,W,576336,410084,986420
11/02/2023,W,579094,419780,998874
11/03/2023,W,563943,373412,937355
11/04/2023,A,401704,280222,681926
11/05/2023,U,296526,200577,497103
11/06/2023,W,568672,375471,944143
11/07/2023,W,588549,424318,1012867
11/08/2023,W,578329,422082,1000411
11/09/2023,W,588110,454074,1042184
11/10/2023,W,461731,351382,813113
11/11/2023,A,354671,266284,620955
11/12/2023,U,294251,195035,489286
11/13/2023,W,558320,370511,928831
11/14/2023,W,581009,424128,1005137
11/15/2023,W,587609,422609,1010218
11/16/2023,W,580758,415406,996164
11/17/2023,W,544624,418827,963451
11/18/2023,A,348044,315864,663908
11/19/2023,U,278346,201431,479777
11/20/2023,W,472022,334103,806125
11/21/2023,W,465329,339605,804934
11/22/2023,W,443954,298121,742075
11/23/2023,U,187931,128326,316257
11/24/2023,W,323157,227199,550356
11/25/2023,A,310164,213175,523339
11/26/2023,U,219912,160320,380232
11/27/2023,W,505729,325992,831721
11/28/2023,W,522935,368618,891553
11/29/2023,W,553418,387126,940544
11/30/2023,W,559855,396342,956197
12/01/2023,W,513523,339748,853271
12/02/2023,A,358919,260456,619375
12/03/2023,U,268845,172945,441790
12/04/2023,W,537917,337666,875583
12/05/2023,W,556584,384481,941065
12/06/2023,W,572732,389802,962534
12/07/2023,W,580504,404303,984807
12/08/2023,W,561665,372605,934270
12/09/2023,A,369433,283097,652530
12/10/2023,U,264202,196318,460520
12/11/2023,W,517482,326238,843720
12/12/2023,W,556451,378617,935068
12/13/2023,W,559461,378896,938357
12/14/2023,W,558905,384778,943683
12/15/2023,W,535654,351722,887376
12/16/2023,A,321951,230799,552750
12/17/2023,U,271335,184885,456220
12/18/2023,W,498940,306545,805485
12/19/2023,W,527927,342290,870217
12/20/2023,W,540890,343581,884471
12/21/2023,W,519383,325377,844760
12/22/2023,W,418720,267301,686021
12/23/2023,A,341975,206358,548333
12/24/2023,U,247277,141693,388970
12/25/2023,U,145433,80206,225639
12/26/2023,W,360458,208665,569123
12/27/2023,W,403147,252136,655283
12/28/2023,W,392855,253397,646252
12/29/2023,W,415822,261610,677432
12/30/2023,A,340207,212901,553108
12/31/2023,U,250204,187144,437348